7.408348670599999729e-16 -5.008145161199999632e-18 1.048316303200000007e-20 2.941175589399999881e-21 1.170322045200000020e-21 1.039652734800000068e-21 6.686272627600000054e-22 2.604743576100000002e-22 1.330626004399999887e-22 1.190151840599999921e-22 7.262409476899999500e-23 3.316340510400000175e-23 3.219163886299999915e-23 3.338757475300000179e-23 2.198095661800000117e-23 1.569312544599999979e-23 1.653335430099999979e-23 1.367910769200000091e-23 8.705399145000000052e-24 7.756242866499999921e-24 8.175355361099999803e-24 6.656471131700000299e-24 5.405014905599999936e-24 5.676900196100000099e-24 5.540388653300000085e-24 4.486990096699999831e-24 3.990121274599999679e-24 4.057832538400000243e-24 3.630678291500000070e-24 3.029291678200000089e-24 2.977696186400000079e-24 2.996400195600000054e-24 2.633869498200000089e-24 2.383928879799999908e-24 2.422357775599999949e-24 2.286667447499999881e-24 2.004115811799999838e-24 1.908379373499999871e-24 1.856806221899999899e-24 1.692076445500000118e-24 5.928196666399999908e-24 2.769766399999999963e-23 1.999386938499999924e-23 -1.040351026199999957e-24 2.483978412899999826e-25 4.150502163500000217e-24 -1.363741796900000028e-24 1.677518879200000085e-24 -1.657889661599999991e-23 -2.560391872400000132e-23 -2.073994360100000071e-23 -1.600141105200000018e-23 8.300256540799999889e-24 5.299938629800000456e-23 4.367203597200000160e-23 8.207433248700000326e-24 -1.938578181000000125e-23 -2.712471553900000257e-23 8.014570686699999572e-24
-5.008145161199999632e-18 6.951939453000000469e-17 -4.759898384599999855e-19 1.478686428200000070e-21 6.237367807199999766e-22 3.405604295199999912e-22 2.108227939699999972e-22 1.252247596900000108e-22 6.520232467700000445e-23 3.774982566799999725e-23 2.620424244500000105e-23 1.809027013299999924e-23 1.258074450599999938e-23 1.022281001399999979e-23 8.796923730300000549e-24 7.039064559600000549e-24 5.572221229999999889e-24 4.661634630600000342e-24 3.873459909200000340e-24 3.152854395900000126e-24 2.735805743400000009e-24 2.513600899500000097e-24 2.283916191099999896e-24 2.071179276899999835e-24 1.914654020699999976e-24 1.765670279899999874e-24 1.594268518199999969e-24 1.440059296899999929e-24 1.325906342100000013e-24 1.227751456500000018e-24 1.132962037699999952e-24 1.059571322200000006e-24 1.004504031199999910e-24 9.442831693099999530e-25 8.816686172700000661e-25 8.329091158599999159e-25 7.843212455699999923e-25 7.284514237599999785e-25 6.849037160400000139e-25 6.462997265100000008e-25 1.587691355400000070e-24 6.851037936400000374e-24 4.605878108399999905e-24 3.015948107500000115e-24 4.375172952100000259e-25 -8.672540558400000301e-26 7.677814057299999882e-25 -2.316106340900000046e-24 -4.047372448300000319e-24 -6.100917597699999746e-24 -6.285158339999999987e-24 -2.162857623199999949e-24 5.350382183300000192e-24 9.437387972400000656e-24 9.881825752999999932e-24 3.790165007500000049e-24 -2.916152321199999862e-24 -2.353549937800000005e-24 -4.616419560500000060e-24
1.048316303200000007e-20 -4.759898384599999855e-19 2.419261212099999900e-17 -1.686851127199999918e-19 -2.520479257999999991e-22 9.670113166200000029e-23 8.715645925499999707e-23 6.504257099199999865e-23 4.171584491100000135e-23 2.079152282900000147e-23 1.295763454799999965e-23 1.051400402999999942e-23 7.192241564799999376e-24 4.753085027500000332e-24 4.225499627199999738e-24 3.731946525700000278e-24 2.748365690800000047e-24 2.194033023700000071e-24 2.032459381700000008e-24 1.699018581900000110e-24 1.338997726999999915e-24 1.234434756399999919e-24 1.183752081800000038e-24 1.025491933899999968e-24 9.071842215200000092e-25 8.767293460399999414e-25 8.105061639800000280e-25 7.043128580900000227e-25 6.502945800599999609e-25 6.258130709100000154e-25 5.695909915900000234e-25 5.148567366100000259e-25 4.968924245899999972e-25 4.755702157200000264e-25 4.340242373500000093e-25 4.056138622300000016e-25 3.919872749499999915e-25 3.675834259600000203e-25 3.388384277899999862e-25 3.260930146900000178e-25 3.819327068300000038e-25 1.008724496699999985e-24 1.590820742499999955e-24 1.443919953000000086e-24 9.052028729199999732e-25 2.027399964899999910e-25 -6.382286414799999747e-25 -1.022886588299999939e-24 -1.389871384799999951e-24 -1.361567393600000063e-24 -1.007220874300000072e-24 6.997403212999999901e-25 1.561046872799999917e-24 1.324310803599999966e-24 1.186974774999999999e-24 1.467227135600000049e-24 1.589966440299999999e-24 -5.971214158499999660e-25 -1.494848743300000066e-24
2.941175589399999881e-21 1.478686428200000070e-21 -1.686851127199999918e-19 1.265522264400000014e-17 -9.278598201399999398e-20 -4.323619693199999918e-22 -3.939594451099999668e-24 3.255929636400000121e-23 2.587948427900000117e-23 1.800043136900000100e-23 1.008959028200000005e-23 6.269528319900000262e-24 4.925952057299999881e-24 3.663098024100000334e-24 2.538754605900000146e-24 2.077061759399999837e-24 1.851981408599999896e-24 1.493056559699999922e-24 1.195234620899999935e-24 1.065626312800000091e-24 9.420845773799999141e-25 7.860903776000000446e-25 6.915270869699999590e-25 6.479692739699999543e-25 5.888967397799999907e-25 5.234633131199999892e-25 4.847620351399999962e-25 4.564690777600000220e-25 4.147853860599999917e-25 3.764706837800000175e-25 3.545899081299999850e-25 3.332806945300000093e-25 3.055411706200000092e-25 2.860725019199999983e-25 2.736438807399999918e-25 2.560400915100000096e-25 2.382289552799999893e-25 2.272299714000000092e-25 2.168957163899999845e-25 2.027337102100000037e-25 1.709662819300000107e-25 1.739290906399999909e-25 3.711915067300000010e-25 5.383012611299999783e-25 5.705272722800000030e-25 1.719325868500000025e-25 -3.094105249700000056e-25 -4.283350144299999628e-25 -3.839898322300000191e-25 -2.112851076300000167e-25 4.330958526200000097e-25 4.396892800200000264e-25 1.867228717599999926e-25 4.731700192100000154e-26 -2.297395798000000084e-29 5.776341489800000410e-25 5.762437689399999980e-25 2.854907267999999998e-25 -2.074861678900000044e-25
1.170322045200000020e-21 6.237367807199999766e-22 -2.520479257999999991e-22 -9.278598201399999398e-20 7.499447002299999956e-18 -5.850732388600000318e-20 -3.329654075600000183e-22 -2.383690561699999984e-23 1.396564337300000098e-23 1.319487334300000023e-23 9.473671344799999623e-24 5.337011669400000362e-24 3.525801360599999950e-24 2.833913093399999841e-24 2.032252363299999819e-24 1.432511336700000047e-24 1.250816611799999934e-24 1.110209496300000005e-24 8.820783313800000125e-25 7.409465168399999922e-25 6.808652944999999628e-25 5.852406999700000183e-25 4.861435993500000139e-25 4.442176725000000161e-25 4.150730565999999932e-25 3.670629647799999897e-25 3.327954955300000109e-25 3.174945125999999958e-25 2.942476431400000063e-25 2.645871825400000188e-25 2.468047624799999867e-25 2.338938909199999806e-25 2.152532503399999939e-25 1.982625219900000053e-25 1.889442612900000097e-25 1.795472760299999914e-25 1.667823628500000023e-25 1.575494174000000113e-25 1.515276894499999937e-25 1.425777039999999926e-25 1.183086389399999943e-25 5.259307209699999456e-26 8.706512507400000570e-26 1.713768458800000002e-25 1.570222084099999944e-25 1.289158356500000107e-25 8.068960191000000313e-26 -4.177454841799999808e-26 -5.833121911699999476e-26 1.440399224200000076e-25 1.805821413199999915e-25 1.512732841300000048e-25 6.200316357500000160e-26 -2.574735525400000032e-26 1.026351340499999992e-25 3.793690258199999912e-26 9.143634332900000485e-26 1.859267641200000024e-25 1.375000688400000062e-25
1.039652734800000068e-21 3.405604295199999912e-22 9.670113166200000029e-23 -4.323619693199999918e-22 -5.850732388600000318e-20 5.321016623899999921e-18 -4.272301553200000047e-20 -2.837808960199999834e-22 -3.013643854499999742e-23 6.458305463299999772e-24 7.280336563800000237e-24 5.616266648499999769e-24 3.275981417500000079e-24 2.119136095299999870e-24 1.728588478900000161e-24 1.308821420999999965e-24 9.317197850300000200e-25 7.995944188299999603e-25 7.353462222800000087e-25 6.048544561300000198e-25 4.975422654000000123e-25 4.530360975600000160e-25 4.029998928400000120e-25 3.375309638800000005e-25 3.005992308700000063e-25 2.850670320999999926e-25 2.599453439999999789e-25 2.329766095400000222e-25 2.192890538199999819e-25 2.079203259800000170e-25 1.888475200900000052e-25 1.729119762300000095e-25 1.641528101500000043e-25 1.537622201600000025e-25 1.412569747800000004e-25 1.334424808100000036e-25 1.282992093200000101e-25 1.203920914400000090e-25 1.124681708100000066e-25 1.079280690700000091e-25 6.496050895999999482e-26 6.975110532599999986e-26 9.695899331600000474e-26 1.259131064199999909e-25 1.272148492199999887e-25 1.160737868600000072e-25 1.209146732999999964e-25 5.238957039600000122e-26 1.810262798200000019e-26 -9.629609463899999418e-27 3.502384967200000196e-26 1.144490057100000099e-25 1.011603097199999961e-25 8.550611558700000409e-26 7.868538207799999722e-26 6.980672102200000153e-26 4.375168644100000190e-26 1.835612429199999865e-26 2.317905908499999960e-26
6.686272627600000054e-22 2.108227939699999972e-22 8.715645925499999707e-23 -3.939594451099999668e-24 -3.329654075600000183e-22 -4.272301553200000047e-20 4.291550651399999777e-18 -3.464977968600000027e-20 -2.687242678400000007e-22 -3.369759900100000173e-23 2.651275242299999986e-24 4.379742050300000223e-24 3.520959037199999645e-24 2.098384062999999918e-24 1.416605872000000038e-24 1.161135201899999959e-24 8.761289505100000187e-25 6.478344083299999754e-25 5.697864088700000366e-25 5.133966130400000093e-25 4.221203307299999825e-25 3.584278575599999820e-25 3.265861149699999829e-25 2.853899869499999841e-25 2.437323052300000070e-25 2.229248583800000077e-25 2.085765987200000199e-25 1.886814876300000000e-25 1.730516774899999960e-25 1.636842095300000058e-25 1.525761081399999994e-25 1.392703364500000081e-25 1.295884345400000043e-25 1.224269818099999929e-25 1.139808780100000016e-25 1.061079369700000003e-25 1.010103644300000043e-25 9.607677988300000257e-26 8.983869289900000150e-26 8.448850157100000232e-26 7.233318621200000177e-26 6.279969479100000525e-26 1.992345106299999964e-25 2.375672394499999900e-25 2.415986212500000095e-25 1.630631738400000060e-25 -2.639060549799999979e-26 -1.222662876699999965e-25 -1.146873556100000046e-25 1.217889136900000010e-26 1.135246449000000042e-25 1.048119076399999964e-25 5.463266622600000037e-26 1.082941697399999976e-25 1.420360470899999894e-25 1.311858960699999905e-25 8.874566539200000236e-26 4.174153098399999833e-26 -3.246057327800000007e-26
2.604743576100000002e-22 1.252247596900000108e-22 6.504257099199999865e-23 3.255929636400000121e-23 -2.383690561699999984e-23 -2.837808960199999834e-22 -3.464977968600000027e-20 3.538900059200000092e-18 -2.951586065099999980e-20 -2.454067986499999824e-22 -3.332106723999999910e-23 5.910048838400000145e-25 2.710400853000000088e-24 2.388552847299999924e-24 1.452908892999999937e-24 9.823546025300000023e-25 8.270268498500000362e-25 6.402663666399999989e-25 4.702256271800000383e-25 4.124232534899999880e-25 3.805761038100000206e-25 3.150725911099999822e-25 2.638887500999999842e-25 2.437669951199999920e-25 2.182671874900000103e-25 1.854674001500000085e-25 1.683294699799999912e-25 1.604684920900000067e-25 1.462526620899999983e-25 1.322948775399999928e-25 1.254163200300000019e-25 1.185126607599999929e-25 1.080043137400000010e-25 9.996060886300000546e-26 9.542671863899999988e-26 8.957961882800000329e-26 8.276942969700000144e-26 7.849065053799999731e-26 7.521321770899999600e-26 7.066782702400000255e-26 3.384631961599999801e-26 1.212510567600000097e-25 2.299063836300000084e-25 3.461870913499999957e-25 2.944423977399999880e-25 1.030608873799999983e-25 -1.569393196799999998e-25 -2.713579710399999951e-25 -1.124918217900000027e-25 8.370683498299999581e-26 1.589516783699999943e-25 2.877548046299999738e-26 8.425716443300000323e-26 1.298042490200000025e-25 1.173127981200000010e-25 1.443300321300000070e-25 1.444128490699999906e-25 9.411475306199999775e-26 3.316148278899999716e-26
1.330626004399999887e-22 6.520232467700000445e-23 4.171584491100000135e-23 2.587948427900000117e-23 1.396564337300000098e-23 -3.013643854499999742e-23 -2.687242678400000007e-22 -2.951586065099999980e-20 3.061740361600000156e-18 -2.612880536500000057e-20 -2.237439738799999777e-22 -3.308883186100000265e-23 -5.842710949200000033e-25 1.733790705100000178e-24 1.673458676200000070e-24 1.051603951099999950e-24 7.282573171699999665e-25 6.092368189100000229e-25 4.733346455199999626e-25 3.571418095899999800e-25 3.142520008600000123e-25 2.862635445999999779e-25 2.407032027399999948e-25 2.063860993399999917e-25 1.890810255199999980e-25 1.685219884399999895e-25 1.463318898600000013e-25 1.336732119499999921e-25 1.256130136400000003e-25 1.149782004199999991e-25 1.055008759999999972e-25 9.962959358900000504e-26 9.364480179899999614e-26 8.635105152500000353e-26 8.055819982499999698e-26 7.626095258200000164e-26 7.141288880399999970e-26 6.660164936400000025e-26 6.325318649500000316e-26 6.004679241099999722e-26 6.468858652199999882e-26 1.657539496699999888e-25 2.444432004499999886e-25 2.591678271200000032e-25 1.801080178799999889e-25 -7.649990308200000076e-26 -1.560094889800000088e-25 -8.941961226300000078e-26 -4.729775285499999809e-27 5.876129997700000224e-26 -3.212490294500000211e-26 1.289322766899999933e-25 1.271904542000000003e-25 8.043715533700000297e-26 1.062401939300000075e-25 1.019010716199999963e-25 1.455692002500000094e-25 1.506175590300000057e-25 9.535360292000000258e-26
1.190151840599999921e-22 3.774982566799999725e-23 2.079152282900000147e-23 1.800043136900000100e-23 1.319487334300000023e-23 6.458305463299999772e-24 -3.369759900100000173e-23 -2.454067986499999824e-22 -2.612880536500000057e-20 2.831684945300000152e-18 -2.411896468100000089e-20 -2.202733147600000171e-22 -3.437281992100000279e-23 -1.404377815300000045e-24 1.102603072500000031e-24 1.228202523299999971e-24 7.845156798299999669e-25 5.468989309999999789e-25 4.663522928099999745e-25 3.651843821200000212e-25 2.741266715500000132e-25 2.442513078499999989e-25 2.264338024100000180e-25 1.899475907599999929e-25 1.624557270500000051e-25 1.512865582799999925e-25 1.357912530899999986e-25 1.169252905099999900e-25 1.072277626000000054e-25 1.019329323299999975e-25 9.316238651599999658e-26 8.516730532999999460e-26 8.117780397099999558e-26 7.680697415700000081e-26 7.042165481599999976e-26 6.557212953299999435e-26 6.255004746199999632e-26 5.869762276399999766e-26 5.450950675399999601e-26 5.240251642399999463e-26 7.365936339499999794e-26 2.361643722899999951e-25 1.801951385000000093e-25 3.787098710099999923e-26 -1.671219650100000093e-25 -1.056402115899999913e-25 2.308252135899999874e-26 1.699519245799999947e-25 1.257793083800000035e-25 -1.241319037999999965e-25 1.271903450799999988e-26 7.165977679800000305e-26 1.194692609400000007e-25 9.430701927100000262e-26 5.500405489599999866e-26 9.639406192500000529e-26 9.603280849900000519e-26 1.451320617200000020e-25 1.533151270200000084e-25
7.262409476899999500e-23 2.620424244500000105e-23 1.295763454799999965e-23 1.008959028200000005e-23 9.473671344799999623e-24 7.280336563800000237e-24 2.651275242299999986e-24 -3.332106723999999910e-23 -2.237439738799999777e-22 -2.411896468100000089e-20 2.639615775900000083e-18 -2.307326628199999885e-20 -2.214085827200000133e-22 -3.498953530300000065e-23 -1.953136971399999871e-24 6.701695040800000320e-25 9.162665690500000043e-25 6.044790985499999919e-25 4.256812362400000221e-25 3.615419303799999940e-25 2.868248179200000196e-25 2.198998964800000163e-25 1.951274099700000104e-25 1.802703743400000074e-25 1.538701748999999929e-25 1.326636873100000074e-25 1.223283692999999994e-25 1.103034787999999930e-25 9.633864151300000479e-26 8.821021962300000519e-26 8.347173376300000351e-26 7.707186554900000094e-26 7.098794955300000012e-26 6.718499851699999846e-26 6.342734185900000563e-26 5.866962442599999844e-26 5.475918220500000525e-26 5.197798505900000007e-26 4.920069842800000135e-26 4.655475274900000150e-26 8.708767890300000540e-26 2.367125324300000212e-25 1.379819714600000073e-26 -2.815628772399999846e-25 -2.785130592999999848e-25 -5.884445041299999615e-26 2.495335069800000079e-25 2.639414553299999935e-25 5.582170331999999709e-26 8.622607763000000103e-26 -5.543674427500000265e-27 -5.782665791800000087e-27 2.674979740799999873e-26 8.799496348899999714e-26 8.106719915200000233e-26 4.621415424600000151e-26 9.071460947099999851e-26 9.166853632200000249e-26 1.445321124800000049e-25
3.316340510400000175e-23 1.809027013299999924e-23 1.051400402999999942e-23 6.269528319900000262e-24 5.337011669400000362e-24 5.616266648499999769e-24 4.379742050300000223e-24 5.910048838400000145e-25 -3.308883186100000265e-23 -2.202733147600000171e-22 -2.307326628199999885e-20 2.530729577699999814e-18 -2.283175414200000036e-20 -2.182874002300000025e-22 -3.555510350500000229e-23 -2.382382619000000095e-24 3.815058728799999884e-25 7.020750569499999658e-25 4.714655800899999674e-25 3.365405812800000021e-25 2.901247775300000193e-25 2.304494348599999843e-25 1.769938384100000071e-25 1.593344147599999977e-25 1.479276726799999933e-25 1.256136976200000049e-25 1.088883094899999913e-25 1.014698286299999988e-25 9.147028086500000018e-26 7.981167952800000365e-26 7.378474240499999762e-26 7.021968668900000053e-26 6.451034714099999830e-26 5.935217704899999895e-26 5.656660486199999577e-26 5.348300190199999870e-26 4.932473947599999908e-26 4.636773668399999760e-26 4.456687584400000266e-26 4.242604971399999959e-26 8.101920186599999628e-26 7.486708142399999893e-26 -2.478934955399999834e-25 -3.178191826100000020e-25 -1.657650086899999996e-25 9.096122305600000471e-26 1.936308880700000003e-25 1.334147286799999965e-25 2.260733916800000001e-25 1.871654650300000068e-25 7.083200970500000278e-26 -5.088434244599999911e-26 -4.343445462099999844e-26 7.483593698900000319e-27 7.669575087899999689e-26 7.403103078499999737e-26 4.085734162399999944e-26 8.638796771299999646e-26 8.907732040499999476e-26
3.219163886299999915e-23 1.258074450599999938e-23 7.192241564799999376e-24 4.925952057299999881e-24 3.525801360599999950e-24 3.275981417500000079e-24 3.520959037199999645e-24 2.710400853000000088e-24 -5.842710949200000033e-25 -3.437281992100000279e-23 -2.214085827200000133e-22 -2.283175414200000036e-20 2.598047775799999968e-18 -2.326286787400000085e-20 -2.256261689900000008e-22 -3.764779332300000249e-23 -2.716437682800000145e-24 1.624331823299999991e-25 5.431023130999999689e-25 3.783804613700000177e-25 2.715976867900000140e-25 2.343762811000000116e-25 1.888267710400000097e-25 1.464488070999999986e-25 1.310432422399999987e-25 1.220926998100000007e-25 1.049144670800000055e-25 9.104326296300000449e-26 8.462157934199999874e-26 7.699807137999999678e-26 6.775538134700000309e-26 6.233998557300000415e-26 5.921832583500000160e-26 5.482940829899999753e-26 5.056319494799999798e-26 4.798445287399999730e-26 4.560352655000000119e-26 4.250982904299999944e-26 4.010885049100000159e-26 3.867873574200000201e-26 6.130675377699999466e-26 -2.245307666199999864e-25 -2.695098290699999798e-25 -1.257211230799999948e-25 6.537401287500000303e-26 9.670940215900000317e-26 -2.841712180200000012e-26 1.548272769999999908e-25 2.711306207099999957e-25 2.100387036500000164e-25 1.407330893499999909e-25 3.362195692300000080e-26 -6.874089561800000016e-26 -5.652406423100000156e-26 -2.714490238400000065e-27 6.955286658500000173e-26 6.916315598899999830e-26 3.707284883400000042e-26 8.344051743899999743e-26
3.338757475300000179e-23 1.022281001399999979e-23 4.753085027500000332e-24 3.663098024100000334e-24 2.833913093399999841e-24 2.119136095299999870e-24 2.098384062999999918e-24 2.388552847299999924e-24 1.733790705100000178e-24 -1.404377815300000045e-24 -3.498953530300000065e-23 -2.182874002300000025e-22 -2.326286787400000085e-20 2.689001613599999918e-18 -2.403503369100000076e-20 -2.390276117400000167e-22 -3.900781636800000248e-23 -3.023783489799999963e-24 -1.184117201000000054e-26 4.260711914199999873e-25 3.061868370700000025e-25 2.229767838600000089e-25 1.936538056000000038e-25 1.558183092999999908e-25 1.216845308899999981e-25 1.099499161399999899e-25 1.023876811999999990e-25 8.799858796000000434e-26 7.710476852800000435e-26 7.207696084699999757e-26 6.536298624700000480e-26 5.756455571499999534e-26 5.336471041999999491e-26 5.076135849800000179e-26 4.686877871299999979e-26 4.345086849199999813e-26 4.154214762200000018e-26 3.944939517800000102e-26 3.687521498600000091e-26 3.502223597600000125e-26 -4.564992742999999780e-27 -2.854838291100000072e-25 -9.717265407099999587e-26 1.230927590300000107e-25 1.437888048100000105e-25 -5.518457302799999592e-26 5.877205457800000230e-26 1.149061130599999960e-25 1.382808518299999982e-25 2.225978489899999905e-25 1.704681741600000046e-25 1.211182985999999911e-25 2.114778948400000016e-26 -7.701353504400000060e-26 -6.373919886400000121e-26 -9.192311925699999407e-27 6.431832774899999550e-26 6.537905890299999536e-26 3.483057159100000102e-26
2.198095661800000117e-23 8.796923730300000549e-24 4.225499627199999738e-24 2.538754605900000146e-24 2.032252363299999819e-24 1.728588478900000161e-24 1.416605872000000038e-24 1.452908892999999937e-24 1.673458676200000070e-24 1.102603072500000031e-24 -1.953136971399999871e-24 -3.555510350500000229e-23 -2.256261689900000008e-22 -2.403503369100000076e-20 2.737917600500000153e-18 -2.476626650400000062e-20 -2.399135797600000127e-22 -3.946483075600000208e-23 -3.284142215600000013e-24 -1.264564150299999999e-25 3.408103033200000174e-25 2.524728059699999838e-25 1.843414165100000107e-25 1.609404739000000097e-25 1.308358120800000076e-25 1.025698517900000051e-25 9.260770563799999453e-26 8.686465160900000260e-26 7.521750547500000197e-26 6.577572423599999658e-26 6.144815011899999511e-26 5.613607133199999667e-26 4.962669066199999769e-26 4.589184883399999910e-26 4.384032007500000205e-26 4.079276793800000178e-26 3.779165695599999924e-26 3.607429460899999762e-26 3.416026595199999829e-26 3.095469109700000280e-26 -2.001290689899999962e-26 -1.009124481900000027e-25 1.163260749100000046e-25 1.782705265499999938e-25 1.046272462799999999e-28 1.051035315600000104e-25 9.262733045000000555e-26 4.312976358000000056e-26 6.708824583399999799e-26 9.836930181199999611e-26 2.013933234900000067e-25 1.559626673299999951e-25 1.103206981099999973e-25 1.392047810300000039e-26 -8.146623173500000402e-26 -6.804394736199999602e-26 -1.361209992500000048e-26 6.018266342900000476e-26 6.250689274100000020e-26
1.569312544599999979e-23 7.039064559600000549e-24 3.731946525700000278e-24 2.077061759399999837e-24 1.432511336700000047e-24 1.308821420999999965e-24 1.161135201899999959e-24 9.823546025300000023e-25 1.051603951099999950e-24 1.228202523299999971e-24 6.701695040800000320e-25 -2.382382619000000095e-24 -3.764779332300000249e-23 -2.390276117400000167e-22 -2.476626650400000062e-20 2.850639664499999809e-18 -2.509385320699999875e-20 -2.440960325499999810e-22 -4.100994208400000061e-23 -3.397440710799999763e-24 -1.978304379000000102e-25 2.729161702900000139e-25 2.092556038599999866e-25 1.547376563400000030e-25 1.354769941999999939e-25 1.103536221100000057e-25 8.737560959000000353e-26 7.935019337600000102e-26 7.420778726600000027e-26 6.434841658899999567e-26 5.670644646499999920e-26 5.307893122700000291e-26 4.841279026800000251e-26 4.305651065999999894e-26 4.011199920400000101e-26 3.827299212499999762e-26 3.559700338899999974e-26 3.298748594500000155e-26 3.091153082700000250e-26 2.825278680899999804e-26 -1.090158300299999974e-26 1.309484280099999951e-25 1.805762165899999970e-25 -7.997327635500000429e-27 1.393558050699999971e-25 1.499776743299999900e-25 8.806397006000000501e-26 4.454577212000000209e-26 4.132837863000000211e-27 4.794213142799999789e-26 8.469622112099999579e-26 1.890684674100000037e-25 1.463971289000000065e-25 1.027496326900000029e-25 9.124803715900000661e-27 -8.387119443400000571e-26 -7.062920335000000363e-26 -1.674098791800000101e-26 5.724943665400000451e-26
1.653335430099999979e-23 5.572221229999999889e-24 2.748365690800000047e-24 1.851981408599999896e-24 1.250816611799999934e-24 9.317197850300000200e-25 8.761289505100000187e-25 8.270268498500000362e-25 7.282573171699999665e-25 7.845156798299999669e-25 9.162665690500000043e-25 3.815058728799999884e-25 -2.716437682800000145e-24 -3.900781636800000248e-23 -2.399135797600000127e-22 -2.509385320699999875e-20 2.880214063900000138e-18 -2.520358526800000016e-20 -2.526683321599999878e-22 -4.088306123500000116e-23 -3.389256383300000136e-24 -2.606533083699999960e-25 2.183883883400000059e-25 1.752985026399999948e-25 1.305091043300000081e-25 1.151580550899999947e-25 9.447690196799999587e-26 7.489058418400000424e-26 6.804895131099999664e-26 6.400482808799999442e-26 5.570621370700000094e-26 4.905852981499999867e-26 4.611134630599999865e-26 4.235049475400000198e-26 3.770477822600000150e-26 3.513151524900000254e-26 3.358110675100000179e-26 3.101403108800000188e-26 2.828678987999999867e-26 2.663380341499999984e-26 1.303798213000000005e-26 1.636321638600000062e-25 5.349623228499999927e-27 1.414023086800000022e-25 1.446719550900000091e-25 1.214657259800000104e-25 9.988899607999999512e-26 4.731994607300000081e-26 2.566316679400000101e-26 -7.779058244200000284e-27 3.831078515099999820e-26 7.628943776300000228e-26 1.799156708200000055e-25 1.390398559099999910e-25 9.685311259200000233e-26 5.715913878999999676e-27 -8.503675423700000405e-26 -7.211039493500000177e-26 -1.854951365999999974e-26
1.367910769200000091e-23 4.661634630600000342e-24 2.194033023700000071e-24 1.493056559699999922e-24 1.110209496300000005e-24 7.995944188299999603e-25 6.478344083299999754e-25 6.402663666399999989e-25 6.092368189100000229e-25 5.468989309999999789e-25 6.044790985499999919e-25 7.020750569499999658e-25 1.624331823299999991e-25 -3.023783489799999963e-24 -3.946483075600000208e-23 -2.440960325499999810e-22 -2.520358526800000016e-20 2.814667803799999891e-18 -2.511443294699999976e-20 -2.423039407999999773e-22 -3.871772387299999809e-23 -3.380811554100000298e-24 -3.217969399899999848e-25 1.735808470299999955e-25 1.481521714100000043e-25 1.115230250699999966e-25 9.851228533599999951e-26 8.103296797700000375e-26 6.476195504400000293e-26 5.899805769599999827e-26 5.540749061300000201e-26 4.847786414199999862e-26 4.299784388399999928e-26 4.039113654699999717e-26 3.711123668999999769e-26 3.318697874900000035e-26 3.083939891499999754e-26 2.929998105200000124e-26 2.731070513700000115e-26 2.547749499399999932e-26 3.618116129700000093e-26 -1.187814233800000041e-25 1.248280053399999892e-25 1.599781989199999967e-25 1.228920659300000033e-25 9.397285494599999871e-26 7.953761995600000175e-26 7.938774061999999448e-26 3.417871673300000071e-26 1.648000483900000013e-26 -1.423034061899999885e-26 3.214952188200000220e-26 7.025171760199999667e-26 1.723962768200000102e-25 1.329409278399999987e-25 9.198679725799999505e-26 3.189598648499999831e-27 -8.540090164100000159e-26 -7.299284035000000370e-26
8.705399145000000052e-24 3.873459909200000340e-24 2.032459381700000008e-24 1.195234620899999935e-24 8.820783313800000125e-25 7.353462222800000087e-25 5.697864088700000366e-25 4.702256271800000383e-25 4.733346455199999626e-25 4.663522928099999745e-25 4.256812362400000221e-25 4.714655800899999674e-25 5.431023130999999689e-25 -1.184117201000000054e-26 -3.284142215600000013e-24 -4.100994208400000061e-23 -2.526683321599999878e-22 -2.511443294699999976e-20 2.837630052600000061e-18 -2.449472582299999851e-20 -2.308579602299999784e-22 -3.823723250799999976e-23 -3.536407983599999758e-24 -3.868368320799999900e-25 1.369175370599999977e-25 1.257543078000000017e-25 9.548424262799999493e-26 8.496391555000000392e-26 7.018772437700000204e-26 5.618741631900000226e-26 5.140315017099999866e-26 4.852531312000000090e-26 4.250741435899999768e-26 3.773738150399999956e-26 3.555868396799999972e-26 3.264254348400000221e-26 2.911701642199999801e-26 2.730892258200000217e-26 2.645943310200000019e-26 2.542391292400000038e-26 9.404304695100000680e-27 3.194890373000000035e-26 4.179993870299999942e-26 1.063877052400000014e-25 1.081698427300000070e-25 8.016568571999999657e-26 7.326084482400000364e-26 6.563227408300000525e-26 6.873715978800000531e-26 2.657753934800000232e-26 1.081353198699999970e-26 -1.824114246299999879e-26 2.776511589299999727e-26 6.555303398200000021e-26 1.658903507799999947e-25 1.276666547399999930e-25 8.782294695899999960e-26 1.265591809800000016e-27 -8.581382718200000401e-26
7.756242866499999921e-24 3.152854395900000126e-24 1.699018581900000110e-24 1.065626312800000091e-24 7.409465168399999922e-25 6.048544561300000198e-25 5.133966130400000093e-25 4.124232534899999880e-25 3.571418095899999800e-25 3.651843821200000212e-25 3.615419303799999940e-25 3.365405812800000021e-25 3.783804613700000177e-25 4.260711914199999873e-25 -1.264564150299999999e-25 -3.397440710799999763e-24 -4.088306123600000008e-23 -2.423039407999999773e-22 -2.449472582299999851e-20 2.778191302500000190e-18 -2.338199746699999878e-20 -2.313382229899999825e-22 -3.908431648900000192e-23 -3.687465113099999853e-24 -4.405899906999999552e-25 1.059056604299999904e-25 1.073710199999999991e-25 8.245762622400000013e-26 7.356277385800000179e-26 6.109132085199999994e-26 4.928167897900000143e-26 4.510163866300000092e-26 4.257447635099999861e-26 3.745717540899999928e-26 3.326536363399999869e-26 3.125274338900000283e-26 2.887098640000000104e-26 2.611036062799999955e-26 2.483068266800000130e-26 2.352317692300000073e-26 4.731218911799999848e-26 6.636442194900000426e-26 1.716260608100000103e-26 -6.937225418499999834e-27 6.351425601000000350e-26 8.672418458099999770e-26 6.592714783399999751e-26 6.255857388099999639e-26 5.731107923499999657e-26 6.166642351100000441e-26 2.146042100499999892e-26 6.934370800400000444e-27 -2.089861519899999923e-26 2.444737177300000048e-26 6.171329236300000036e-26 1.600913600500000072e-25 1.229836834800000109e-25 8.417427497400000228e-26 -9.240489239400000008e-28
8.175355361099999803e-24 2.735805743400000009e-24 1.338997726999999915e-24 9.420845773799999141e-25 6.808652944999999628e-25 4.975422654000000123e-25 4.221203307299999825e-25 3.805761038100000206e-25 3.142520008600000123e-25 2.741266715500000132e-25 2.868248179200000196e-25 2.901247775300000193e-25 2.715976867900000140e-25 3.061868370700000025e-25 3.408103033200000174e-25 -1.978304379000000102e-25 -3.389256383300000136e-24 -3.871772387299999809e-23 -2.308579602299999784e-22 -2.338199746699999878e-20 2.527056459199999845e-18 -2.195724932600000083e-20 -2.273816579199999959e-22 -3.838752610900000234e-23 -3.670149371300000093e-24 -4.796467863599999935e-25 8.019082236799999646e-26 9.191964990200000305e-26 7.149592263600000265e-26 6.429007825299999684e-26 5.352313685599999818e-26 4.329543060800000135e-26 3.976735227900000020e-26 3.753872984699999913e-26 3.298789520399999987e-26 2.943484681399999865e-26 2.788353335800000059e-26 2.589437591799999745e-26 2.325474679099999953e-26 2.267690999599999873e-26 6.560981264000000450e-26 1.697549769799999940e-25 1.625829542400000064e-26 -2.313663919500000037e-26 -2.513824372399999986e-26 4.952381482899999788e-26 7.544936346000000451e-26 5.737287638599999469e-26 5.549391398699999680e-26 5.148845639300000191e-26 5.643288475500000237e-26 1.773496190399999865e-26 4.118400043499999709e-27 -2.271470690399999946e-26 2.183378280300000052e-26 5.847170697299999522e-26 1.548264773500000060e-25 1.187561391599999987e-25 8.091503861999999952e-26
6.656471131700000299e-24 2.513600899500000097e-24 1.234434756399999919e-24 7.860903776000000446e-25 5.852406999700000183e-25 4.530360975600000160e-25 3.584278575599999820e-25 3.150725911099999822e-25 2.862635445999999779e-25 2.442513078499999989e-25 2.198998964800000163e-25 2.304494348599999843e-25 2.343762811000000116e-25 2.229767838600000089e-25 2.524728059699999838e-25 2.729161702900000139e-25 -2.606533083699999960e-25 -3.380811554100000298e-24 -3.823723250799999976e-23 -2.313382229899999825e-22 -2.195724932600000083e-20 2.370712341000000185e-18 -2.150947223999999926e-20 -2.223229331400000068e-22 -3.814327226400000243e-23 -3.762514682699999974e-24 -5.345650319200000093e-25 5.573074528099999938e-26 7.887966325000000304e-26 6.228259329600000171e-26 5.632088711799999653e-26 4.712100051300000270e-26 3.822722541999999787e-26 3.506864601399999714e-26 3.321210739800000217e-26 2.939271476299999871e-26 2.630260010400000229e-26 2.476077504600000030e-26 2.326188864600000043e-26 2.128864050700000087e-26 6.603365891599999565e-26 2.202403136999999826e-25 1.232943281600000090e-25 -2.289680080600000171e-27 -3.436323495100000220e-26 -3.320036393999999778e-26 4.127803246700000221e-26 6.788297411099999615e-26 5.136957149999999873e-26 5.029646272100000005e-26 4.706895823999999955e-26 5.231081973699999603e-26 1.488918400699999991e-26 1.996482085900000175e-27 -2.396959516099999961e-26 1.971545104000000087e-26 5.567217132999999840e-26 1.499909367599999905e-25 1.155478754099999915e-25
5.405014905599999936e-24 2.283916191099999896e-24 1.183752081800000038e-24 6.915270869699999590e-25 4.861435993500000139e-25 4.029998928400000120e-25 3.265861149699999829e-25 2.638887500999999842e-25 2.407032027399999948e-25 2.264338024100000180e-25 1.951274099700000104e-25 1.769938384100000071e-25 1.888267710400000097e-25 1.936538056000000038e-25 1.843414165100000107e-25 2.092556038599999866e-25 2.183883883400000059e-25 -3.217969399899999848e-25 -3.536407983599999758e-24 -3.908431648900000192e-23 -2.273816579199999959e-22 -2.150947223999999926e-20 2.437291926199999819e-18 -2.218140896800000065e-20 -2.296639932000000111e-22 -4.060223693500000028e-23 -4.094577877300000145e-24 -6.289312935099999597e-25 2.902548491500000277e-26 6.729762203999999643e-26 5.442684631799999564e-26 4.958113208699999819e-26 4.152295756700000254e-26 3.384965385699999918e-26 3.122950063200000193e-26 2.962115085899999833e-26 2.613480167400000179e-26 2.349896939999999972e-26 2.224121348699999874e-26 1.995853199699999895e-26 4.229661279699999980e-26 2.669858721300000101e-25 1.933725238399999896e-25 1.076711075599999961e-25 -1.065489878100000056e-26 -3.995217083100000135e-26 -3.766746479700000075e-26 3.560178590599999969e-26 6.223028435199999522e-26 4.680404266799999747e-26 4.622864532499999891e-26 4.354253836000000136e-26 4.893143970099999874e-26 1.264360224400000017e-26 3.563579433200000023e-28 -2.483203495600000028e-26 1.796265872199999895e-26 5.321401477799999696e-26 1.464419166500000043e-25
5.676900196100000099e-24 2.071179276899999835e-24 1.025491933899999968e-24 6.479692739699999543e-25 4.442176725000000161e-25 3.375309638800000005e-25 2.853899869499999841e-25 2.437669951199999920e-25 2.063860993399999917e-25 1.899475907599999929e-25 1.802703743400000074e-25 1.593344147599999977e-25 1.464488070999999986e-25 1.558183092999999908e-25 1.609404739000000097e-25 1.547376563400000030e-25 1.752985026399999948e-25 1.735808470299999955e-25 -3.868368320799999900e-25 -3.687465113099999853e-24 -3.838752610900000234e-23 -2.223229331400000068e-22 -2.218140896800000065e-20 2.584148977699999935e-18 -2.359473435599999870e-20 -2.509387120100000014e-22 -4.476013793999999795e-23 -4.652861944500000097e-24 -7.692689339999999807e-25 1.307157892999999998e-27 5.721194991399999939e-26 4.749356386599999894e-26 4.376682598299999738e-26 3.688852349099999792e-26 3.018160333800000000e-26 2.779741810100000079e-26 2.646530592499999884e-26 2.337807552499999951e-26 1.988449741400000052e-26 1.789493492999999961e-26 3.464131447100000057e-26 1.769684131499999996e-25 2.452149066300000065e-25 1.786762456600000020e-25 9.792567320900000015e-26 -1.543344662399999859e-26 -4.310435556600000248e-26 -4.035074968200000177e-26 3.136764312100000142e-26 5.774323021699999685e-26 4.315710549799999778e-26 4.291533285000000148e-26 4.063208923599999715e-26 4.608252624500000178e-26 1.082963362399999929e-26 -9.344300413700000428e-28 -2.540927832599999885e-26 1.648925285500000020e-26 5.220679614600000157e-26
5.540388653300000085e-24 1.914654020699999976e-24 9.071842215200000092e-25 5.888967397799999907e-25 4.150730565999999932e-25 3.005992308700000063e-25 2.437323052300000070e-25 2.182671874900000103e-25 1.890810255199999980e-25 1.624557270500000051e-25 1.538701748999999929e-25 1.479276726799999933e-25 1.310432422399999987e-25 1.216845308899999981e-25 1.308358120800000076e-25 1.354769941999999939e-25 1.305091043300000081e-25 1.481521714100000043e-25 1.369175370599999977e-25 -4.405899906999999552e-25 -3.670149371300000093e-24 -3.814327226400000243e-23 -2.296639932000000111e-22 -2.359473435599999870e-20 2.735508507400000139e-18 -2.553140730400000126e-20 -2.755679147999999858e-22 -5.011612697699999837e-23 -5.432564002299999745e-24 -9.316141958500000671e-25 -2.645122701699999823e-26 4.793906292000000241e-26 4.152624255900000202e-26 3.885119620199999741e-26 3.279109171100000189e-26 2.696286428999999735e-26 2.484725351999999979e-26 2.259938555099999897e-26 1.908437550800000045e-26 1.634438274199999925e-26 7.427402649700000409e-27 1.112795446199999926e-25 1.616437578800000056e-25 2.307251526599999856e-25 1.679481575400000047e-25 9.082556759400000513e-26 -1.844420145299999943e-26 -4.494768193200000203e-26 -4.200032672500000099e-26 2.805015234999999860e-26 5.404081734200000269e-26 4.014609780700000012e-26 4.014048096399999789e-26 3.817088890099999837e-26 4.363103829699999828e-26 9.338060993399999329e-27 -1.963377311300000019e-27 -2.577676856799999864e-26 1.564956733500000063e-26
4.486990096699999831e-24 1.765670279899999874e-24 8.767293460399999414e-25 5.234633131199999892e-25 3.670629647799999897e-25 2.850670320999999926e-25 2.229248583800000077e-25 1.854674001500000085e-25 1.685219884399999895e-25 1.512865582799999925e-25 1.326636873100000074e-25 1.256136976200000049e-25 1.220926998100000007e-25 1.099499161399999899e-25 1.025698517900000051e-25 1.103536221100000057e-25 1.151580550899999947e-25 1.115230250699999966e-25 1.257543078000000017e-25 1.059056604299999904e-25 -4.796467863599999935e-25 -3.762514682699999974e-24 -4.060223693500000028e-23 -2.509387120100000014e-22 -2.553140730400000126e-20 2.992539753199999926e-18 -2.825973674999999986e-20 -3.113705815200000081e-22 -5.843878714399999547e-23 -6.378833152400000351e-24 -1.126972814599999946e-24 -5.944286567900000343e-26 3.901713630199999869e-26 3.607685299899999812e-26 3.454948534500000216e-26 2.923112000600000234e-26 2.304288374499999866e-26 2.048748359000000100e-26 1.899514881900000042e-26 1.615669054300000034e-26 -2.058013044800000170e-27 -7.291962943799999724e-27 1.006660371399999943e-25 1.509610258200000074e-25 2.191973109599999986e-25 1.593286525000000109e-25 8.522491547399999595e-26 -2.043500038899999865e-26 -4.600195565799999908e-26 -4.299431072999999862e-26 2.536343527000000111e-26 5.090315062200000059e-26 3.760051959600000261e-26 3.776852111300000284e-26 3.605108634300000163e-26 4.148815356099999908e-26 8.094488715099999367e-27 -2.791772896000000147e-27 -2.586319943100000097e-26
