4.166747364000000271e-15 -6.725783604399999640e-17 -1.446819423599999913e-17 -4.313782159199999677e-18 -1.410854876099999911e-18 -1.310969381399999945e-18 -1.036090016599999921e-18 -5.000030366400000355e-19 -2.959605162700000018e-19 -2.996945991999999970e-19 -2.087220826099999950e-19 -1.061112889500000013e-19 -1.124294684799999910e-19 -1.288411119300000044e-19 -9.296312851800000558e-20 -7.189644480399999646e-20 -8.133423535399999731e-20 -7.222216534800000510e-20 -4.904971748399999820e-20 -4.611699925999999968e-20 -5.166331548500000079e-20 -4.464387339699999859e-20 -3.812501660800000026e-20 -4.243136321399999818e-20 -4.384934840599999733e-20 -3.728474246999999862e-20 -3.476587251300000105e-20 -3.712616374599999963e-20 -3.474862613100000184e-20 -3.016648559099999894e-20 -3.098463358399999790e-20 -3.259028377699999988e-20 -2.981701515400000248e-20 -2.806955930400000141e-20 -2.975107919999999827e-20 -2.933796686799999885e-20 -2.684209828399999881e-20 -2.662259795299999854e-20 -2.730209915900000060e-20 -2.609614970399999879e-20 -2.493723167100000105e-20 -2.562687254599999977e-20 -2.581088771599999934e-20 -2.441364577499999909e-20 -2.372167353900000121e-20 -2.412468926199999908e-20 -2.373647546700000073e-20 -2.275075864400000123e-20 -2.292268658800000029e-20 -2.332148380300000015e-20 -2.271233113399999884e-20 -2.230717082200000124e-20 -2.260161801000000099e-20 -2.230798453799999965e-20 -2.149660715899999972e-20 -2.139222153200000107e-20 -2.172337762600000016e-20 -2.169022061500000047e-20 -2.203737201300000073e-20
-6.725783604399999640e-17 3.246690345400000052e-16 -5.965794510199999869e-18 -1.455552433999999995e-18 -5.449385153400000047e-19 -2.340540757000000025e-19 -1.693681229800000051e-19 -1.302956905499999948e-19 -8.058674456199999688e-20 -4.910052579500000219e-20 -3.961036230400000107e-20 -3.291662126900000288e-20 -2.389359673300000025e-20 -2.013006720899999907e-20 -2.019724948600000129e-20 -1.788900173199999944e-20 -1.441627448900000133e-20 -1.297574482700000004e-20 -1.211872387400000048e-20 -1.031430799199999992e-20 -9.095349636499999912e-21 -9.092230077399999608e-21 -8.951994527400000631e-21 -8.323095602200000422e-21 -8.020116967900000398e-21 -8.017732070999999389e-21 -7.622351233499999771e-21 -7.034806142600000684e-21 -6.819255166599999557e-21 -6.743323460300000212e-21 -6.407823873099999922e-21 -6.153869972499999730e-21 -6.186543656200000276e-21 -6.106408605899999841e-21 -5.838200544199999883e-21 -5.747978215399999653e-21 -5.726513315299999984e-21 -5.534539682000000274e-21 -5.360610531900000124e-21 -5.328897857099999979e-21 -5.297347754300000026e-21 -5.177161605700000081e-21 -5.092406325799999754e-21 -5.061088920800000132e-21 -4.967096463599999745e-21 -4.839201770900000280e-21 -4.780584478300000265e-21 -4.776188467399999998e-21 -4.709099872699999644e-21 -4.651980836300000137e-21 -4.662366684100000004e-21 -4.635477400199999707e-21 -4.552287041499999888e-21 -4.499300135699999989e-21 -4.471151730599999917e-21 -4.416721687800000060e-21 -4.385818840099999682e-21 -4.427685102299999845e-21 -4.563430313499999759e-21
-1.446819423599999913e-17 -5.965794510199999869e-18 6.822092949000000224e-17 -1.358894584999999943e-18 -3.513091859499999800e-19 -1.235426548100000025e-19 -5.154415130300000151e-20 -4.297309449299999736e-20 -3.274428751300000192e-20 -1.829473291099999872e-20 -1.255170841700000069e-20 -1.179663806699999990e-20 -8.921979450799999673e-21 -6.155251981499999944e-21 -6.035335563699999651e-21 -5.940693595400000059e-21 -4.631543189600000288e-21 -3.916585309999999678e-21 -3.988135462099999762e-21 -3.566398451400000228e-21 -2.907649274900000080e-21 -2.847544075200000175e-21 -2.935190666099999840e-21 -2.654019483400000149e-21 -2.444607106800000160e-21 -2.523062673100000094e-21 -2.466435516200000071e-21 -2.219691496299999995e-21 -2.147368956799999928e-21 -2.185132788800000101e-21 -2.068192204000000098e-21 -1.930596764900000060e-21 -1.955455603699999832e-21 -1.962474102800000031e-21 -1.852602498100000063e-21 -1.797094703799999971e-21 -1.822554665099999955e-21 -1.779952134600000143e-21 -1.697433173599999870e-21 -1.692972906400000019e-21 -1.699203649799999950e-21 -1.642589510400000017e-21 -1.597386808799999912e-21 -1.606703061500000054e-21 -1.592405255899999938e-21 -1.537961887099999954e-21 -1.519883853100000003e-21 -1.526603147200000071e-21 -1.503832021699999913e-21 -1.474088796199999952e-21 -1.476989228899999928e-21 -1.473939786900000000e-21 -1.441513107199999938e-21 -1.425062813999999923e-21 -1.429377330700000074e-21 -1.416459409299999942e-21 -1.396714525900000021e-21 -1.409846930600000089e-21 -1.419383964299999938e-21
-4.313782159199999677e-18 -1.455552433999999995e-18 -1.358894584999999943e-18 2.285329163600000087e-17 -4.767608832999999877e-19 -1.247691428899999953e-19 -4.485567401100000266e-20 -1.928106825700000057e-20 -1.510433947800000119e-20 -1.184961349799999983e-20 -7.331250323199999450e-21 -4.910940583300000227e-21 -4.346229599299999998e-21 -3.562203501500000329e-21 -2.580667590100000148e-21 -2.272643146099999813e-21 -2.251454774099999986e-21 -1.943882947899999969e-21 -1.636462228999999974e-21 -1.574286260699999947e-21 -1.495454566199999966e-21 -1.300807346800000000e-21 -1.195394677499999910e-21 -1.196022069700000031e-21 -1.147317633399999921e-21 -1.060259468600000043e-21 -1.034227373399999951e-21 -1.033748287599999961e-21 -9.805001771999999124e-22 -9.239393267699999478e-22 -9.139425734200000559e-22 -9.001688166400000908e-22 -8.540119084499999546e-22 -8.315699144299999864e-22 -8.340881189499999931e-22 -8.119032094899999895e-22 -7.813925621399999742e-22 -7.769136482199999825e-22 -7.737070166300000187e-22 -7.504833693800000172e-22 -7.322142307099999635e-22 -7.269479416199999962e-22 -7.167852997200000409e-22 -6.998101828999999766e-22 -6.921420096700000291e-22 -6.906512379400000003e-22 -6.789551508900000260e-22 -6.657088854099999821e-22 -6.626077457800000389e-22 -6.597212722799999610e-22 -6.477179487900000186e-22 -6.395832238299999847e-22 -6.390531505999999936e-22 -6.339493940099999986e-22 -6.268728287799999965e-22 -6.254047620299999778e-22 -6.265522534999999688e-22 -6.146038821499999948e-22 -5.008418343299999820e-22
-1.410854876099999911e-18 -5.449385153400000047e-19 -3.513091859499999800e-19 -4.767608832999999877e-19 1.066190403300000055e-17 -2.354238443899999802e-19 -6.297247260200000429e-20 -2.240524618200000116e-20 -9.852959955300000536e-21 -7.993845157499999878e-21 -6.138423887899999921e-21 -3.753503891900000358e-21 -2.651795230600000139e-21 -2.347877134000000105e-21 -1.829933742200000053e-21 -1.354102802599999947e-21 -1.272585248700000024e-21 -1.234584384699999958e-21 -1.044903196600000059e-21 -9.273583919500000286e-22 -9.118716024499999379e-22 -8.315249328000000154e-22 -7.211567284100000369e-22 -6.920694006299999853e-22 -6.844886338599999780e-22 -6.351637397200000469e-22 -6.024962099099999857e-22 -6.054298375900000402e-22 -5.900053932599999722e-22 -5.532676469200000313e-22 -5.384937109200000252e-22 -5.337997315099999965e-22 -5.120440816299999931e-22 -4.896284072200000131e-22 -4.859451455699999697e-22 -4.817670092700000291e-22 -4.647943372800000139e-22 -4.555001805799999745e-22 -4.559385201800000409e-22 -4.462518037199999884e-22 -4.312187987900000144e-22 -4.267187959199999913e-22 -4.234480180099999920e-22 -4.133211961400000043e-22 -4.068532122300000109e-22 -4.066541548200000099e-22 -4.025275440799999788e-22 -3.942846167599999903e-22 -3.901249820199999976e-22 -3.875972022500000018e-22 -3.817508055299999875e-22 -3.761132653700000055e-22 -3.750714779899999913e-22 -3.743400362000000148e-22 -3.706101126499999836e-22 -3.696874502999999934e-22 -3.657044080300000041e-22 -3.030603166899999796e-22 -2.563977525300000052e-22
-1.310969381399999945e-18 -2.340540757000000025e-19 -1.235426548100000025e-19 -1.247691428899999953e-19 -2.354238443899999802e-19 6.030509822199999631e-18 -1.377086157999999945e-19 -3.781040257800000282e-20 -1.374023825300000012e-20 -6.027984402500000281e-21 -4.852867739099999983e-21 -3.828540841399999647e-21 -2.357065686299999820e-21 -1.598324581699999981e-21 -1.438078478099999975e-21 -1.177255381800000055e-21 -8.649740905299999769e-22 -7.956718223999999767e-22 -8.047275457600000186e-22 -6.992993221699999721e-22 -5.985806754900000444e-22 -5.837927350499999744e-22 -5.525581656899999688e-22 -4.781755528199999794e-22 -4.439180523699999633e-22 -4.490422986599999703e-22 -4.299251185800000400e-22 -3.990321327599999842e-22 -3.953514353700000093e-22 -3.964146029800000175e-22 -3.736272520399999940e-22 -3.544053572199999893e-22 -3.532488054199999888e-22 -3.454479563700000189e-22 -3.274416989500000153e-22 -3.216568486600000073e-22 -3.239544224000000047e-22 -3.152468049700000141e-22 -3.041164389700000205e-22 -3.027849456999999857e-22 -3.002638221500000062e-22 -2.903056667900000004e-22 -2.842871044199999916e-22 -2.841767822499999862e-22 -2.805200206600000048e-22 -2.741976260699999822e-22 -2.727324551000000037e-22 -2.721995126599999926e-22 -2.664315753700000145e-22 -2.609415602099999989e-22 -2.599276670199999894e-22 -2.583878729399999920e-22 -2.544379114499999826e-22 -2.532071706399999856e-22 -2.547577279300000209e-22 -2.503278937500000049e-22 -2.100996955499999938e-22 -1.807011164900000003e-22 -1.639515028999999925e-22
-1.036090016599999921e-18 -1.693681229800000051e-19 -5.154415130300000151e-20 -4.485567401100000266e-20 -6.297247260200000429e-20 -1.377086157999999945e-19 3.873544110800000332e-18 -9.151224522800000323e-20 -2.560700809100000101e-20 -9.323163397599999437e-21 -4.199156762500000013e-21 -3.406920925000000236e-21 -2.618230095300000162e-21 -1.616291368100000030e-21 -1.147881347800000037e-21 -1.023226541999999967e-21 -8.209779111100000051e-22 -6.310456323599999800e-22 -5.966525596299999763e-22 -5.795744298900000451e-22 -4.995605100799999711e-22 -4.451137492100000143e-22 -4.312767433200000340e-22 -3.954590183099999819e-22 -3.503847408800000148e-22 -3.366082777399999914e-22 -3.323967575500000163e-22 -3.137567501300000149e-22 -3.003794612700000108e-22 -2.987799642600000225e-22 -2.914486236300000112e-22 -2.760886507900000148e-22 -2.675785044600000202e-22 -2.640635536799999934e-22 -2.552624891000000027e-22 -2.462744492300000146e-22 -2.441625777099999911e-22 -2.416633065599999907e-22 -2.340643085699999844e-22 -2.290957728100000192e-22 -2.278974272399999873e-22 -2.234400555699999880e-22 -2.177177574200000214e-22 -2.157221738799999782e-22 -2.140358106999999799e-22 -2.102591566000000111e-22 -2.073384625800000076e-22 -2.060822845400000114e-22 -2.034674822299999923e-22 -1.996505543299999897e-22 -1.974802927100000083e-22 -1.964826987600000092e-22 -1.947725496699999887e-22 -1.934920666999999918e-22 -1.913830976700000026e-22 -1.644317589199999996e-22 -1.418981396599999933e-22 -1.278472242499999948e-22 -1.191650847600000111e-22
-5.000030366400000355e-19 -1.302956905499999948e-19 -4.297309449299999736e-20 -1.928106825700000057e-20 -2.240524618200000116e-20 -3.781040257800000282e-20 -9.151224522800000323e-20 2.726325690400000180e-18 -6.596486084799999843e-20 -1.882897083100000006e-20 -6.954079898700000150e-21 -3.133618990099999899e-21 -2.548768360699999971e-21 -1.994699714899999930e-21 -1.242668975699999943e-21 -8.777699172799999666e-22 -7.980899619800000118e-22 -6.563737835300000011e-22 -4.996252271200000033e-22 -4.667199318800000088e-22 -4.625570277299999778e-22 -4.008306848599999830e-22 -3.500812277599999878e-22 -3.428002952999999970e-22 -3.226853864799999892e-22 -2.841271483699999798e-22 -2.696154695000000082e-22 -2.713157295299999793e-22 -2.581747695100000229e-22 -2.427217346300000120e-22 -2.412060725299999889e-22 -2.386431395300000052e-22 -2.255561971900000200e-22 -2.167884096499999977e-22 -2.160950526099999971e-22 -2.108422794800000042e-22 -2.014089485500000091e-22 -1.984095527100000104e-22 -1.982304042300000116e-22 -1.924779812000000016e-22 -1.868465386199999909e-22 -1.865240298399999915e-22 -1.846568254799999918e-22 -1.793553894999999947e-22 -1.769152977999999961e-22 -1.764978544499999895e-22 -1.734613650300000001e-22 -1.697255074099999998e-22 -1.687778383399999896e-22 -1.678873805400000003e-22 -1.649155214100000031e-22 -1.628204842700000076e-22 -1.629946930800000074e-22 -1.607630244200000047e-22 -1.384276591199999953e-22 -1.216671864600000114e-22 -1.114808818399999957e-22 -1.024186783099999950e-22 -9.601497335699999796e-23
-2.959605162700000018e-19 -8.058674456199999688e-20 -3.274428751300000192e-20 -1.510433947800000119e-20 -9.852959955300000536e-21 -1.374023825300000012e-20 -2.560700809100000101e-20 -6.596486084799999843e-20 2.046070489400000128e-18 -5.049947485399999916e-20 -1.459877729799999884e-20 -5.440377352699999718e-21 -2.493514135100000039e-21 -2.032129999999999930e-21 -1.589536619299999942e-21 -1.009997270099999934e-21 -7.271532574299999912e-22 -6.525667431100000119e-22 -5.371429704099999651e-22 -4.195835312799999851e-22 -3.905795851499999885e-22 -3.799864060100000101e-22 -3.343961515999999893e-22 -2.986936741700000131e-22 -2.885699579200000107e-22 -2.700628637700000041e-22 -2.435560492000000091e-22 -2.320171969699999768e-22 -2.291308389400000036e-22 -2.190508200499999884e-22 -2.088448271400000016e-22 -2.059580428699999942e-22 -2.023979287000000069e-22 -1.937843504099999883e-22 -1.874930512599999891e-22 -1.847402595199999910e-22 -1.797526672399999912e-22 -1.735421290399999932e-22 -1.709131395999999948e-22 -1.693833461500000075e-22 -1.654131146699999974e-22 -1.619486319300000040e-22 -1.607946006700000068e-22 -1.587323486300000005e-22 -1.552466682899999933e-22 -1.529983244999999974e-22 -1.514313721499999939e-22 -1.491466647799999948e-22 -1.469693903000000051e-22 -1.460374658099999946e-22 -1.450493326299999997e-22 -1.434605873100000109e-22 -1.409160347500000029e-22 -1.236346904399999915e-22 -1.095492057199999920e-22 -9.981780213800000048e-23 -9.260625148499999865e-23 -8.696212392800000459e-23 -8.236842615899999994e-23
-2.996945991999999970e-19 -4.910052579500000219e-20 -1.829473291099999872e-20 -1.184961349799999983e-20 -7.993845157499999878e-21 -6.027984402500000281e-21 -9.323163397599999437e-21 -1.882897083100000006e-20 -5.049947485399999916e-20 1.611737648300000026e-18 -4.036209057500000250e-20 -1.182971651000000022e-20 -4.441857383300000114e-21 -2.043260779599999834e-21 -1.689173551999999907e-21 -1.334639168000000092e-21 -8.454516348499999746e-22 -6.109897236400000308e-22 -5.585500753400000277e-22 -4.601809924099999938e-22 -3.553293065799999944e-22 -3.354648578600000132e-22 -3.315874971699999989e-22 -2.891680219200000220e-22 -2.571375302799999867e-22 -2.532743298900000002e-22 -2.380531739499999943e-22 -2.118076829099999791e-22 -2.028045632600000117e-22 -2.027745683700000034e-22 -1.926901507500000063e-22 -1.826016020900000006e-22 -1.821455008199999948e-22 -1.799721669700000061e-22 -1.705908374800000076e-22 -1.646852605300000095e-22 -1.638314993600000028e-22 -1.594259743500000001e-22 -1.529045535700000022e-22 -1.513926021899999883e-22 -1.511337611800000068e-22 -1.469118362399999983e-22 -1.434796631499999958e-22 -1.433290157699999901e-22 -1.413985901800000051e-22 -1.373333180599999974e-22 -1.356114813500000019e-22 -1.351105604700000001e-22 -1.330005189499999963e-22 -1.308786464499999992e-22 -1.308559571200000059e-22 -1.293253548300000078e-22 -1.130397682800000088e-22 -1.004219229700000045e-22 -9.303709256299999668e-23 -8.649137283300000330e-23 -8.024797756199999752e-23 -7.565174666699999572e-23 -7.296530137499999476e-23
-2.087220826099999950e-19 -3.961036230400000107e-20 -1.255170841700000069e-20 -7.331250323199999450e-21 -6.138423887899999921e-21 -4.852867739099999983e-21 -4.199156762500000013e-21 -6.954079898700000150e-21 -1.459877729799999884e-20 -4.036209057500000250e-20 1.316390445600000018e-18 -3.337383436500000263e-20 -9.870600255700000649e-21 -3.742378297199999818e-21 -1.746533680499999920e-21 -1.442265679600000093e-21 -1.140824089400000046e-21 -7.347603005499999662e-22 -5.350754577300000028e-22 -4.837017204499999768e-22 -4.026266850100000050e-22 -3.181007298899999849e-22 -2.977158626900000186e-22 -2.917719058799999919e-22 -2.592742008999999953e-22 -2.325729662099999912e-22 -2.256491128500000048e-22 -2.127052682299999792e-22 -1.923819782400000021e-22 -1.835136425400000070e-22 -1.819065737100000049e-22 -1.747339040499999900e-22 -1.670013624900000073e-22 -1.647920764999999979e-22 -1.621084638200000067e-22 -1.553019257099999921e-22 -1.502038262300000085e-22 -1.482442342700000113e-22 -1.449268086599999940e-22 -1.402899978900000034e-22 -1.382753978300000053e-22 -1.374770056100000013e-22 -1.345026803500000004e-22 -1.314638945600000058e-22 -1.303411883599999956e-22 -1.287321401100000013e-22 -1.259493781399999941e-22 -1.243664123299999957e-22 -1.236267684400000023e-22 -1.224186551400000076e-22 -1.200270230800000074e-22 -1.068343278300000015e-22 -9.618683980599999573e-23 -8.839145090699999723e-23 -8.221205531199999974e-23 -7.742791273799999678e-23 -7.281314392800000430e-23 -6.843378398899999456e-23 -6.613235724600000146e-23
-1.061112889500000013e-19 -3.291662126900000288e-20 -1.179663806699999990e-20 -4.910940583300000227e-21 -3.753503891900000358e-21 -3.828540841399999647e-21 -3.406920925000000236e-21 -3.133618990099999899e-21 -5.440377352699999718e-21 -1.182971651000000022e-20 -3.337383436500000263e-20 1.105814198199999954e-18 -2.831582574000000273e-20 -8.455095409399999438e-21 -3.225797289800000040e-21 -1.514774345400000075e-21 -1.262687665199999914e-21 -1.002904947200000093e-21 -6.458212861199999564e-22 -4.751238319200000281e-22 -4.347462737000000132e-22 -3.612486459500000158e-22 -2.853937826600000081e-22 -2.708671172299999973e-22 -2.662432123499999912e-22 -2.348332701899999866e-22 -2.116508071000000009e-22 -2.073722227100000117e-22 -1.950416651799999902e-22 -1.759908125599999957e-22 -1.694622090200000009e-22 -1.687570488300000087e-22 -1.609509848899999928e-22 -1.535006783600000040e-22 -1.525631483399999887e-22 -1.501886635100000069e-22 -1.432197525299999976e-22 -1.391385041200000114e-22 -1.382261366500000006e-22 -1.347130161499999971e-22 -1.301610259700000109e-22 -1.289226709399999926e-22 -1.281147074500000102e-22 -1.246627395300000007e-22 -1.220522547399999918e-22 -1.216655518899999937e-22 -1.201654450800000011e-22 -1.174853144600000078e-22 -1.166132332699999980e-22 -1.154219137200000077e-22 -1.024971023299999979e-22 -9.196538052099999731e-23 -8.593231348000000465e-23 -8.082305475000000484e-23 -7.543138783300000210e-23 -7.082300412999999947e-23 -6.729283613400000542e-23 -6.397248349299999680e-23 -6.152968635300000586e-23
-1.124294684799999910e-19 -2.389359673300000025e-20 -8.921979450799999673e-21 -4.346229599299999998e-21 -2.651795230600000139e-21 -2.357065686299999820e-21 -2.618230095300000162e-21 -2.548768360699999971e-21 -2.493514135100000039e-21 -4.441857383300000114e-21 -9.870600255700000649e-21 -2.831582574000000273e-20 9.497256957300000851e-19 -2.451349972299999969e-20 -7.370037688399999757e-21 -2.834112694699999875e-21 -1.339953276299999914e-21 -1.116932471500000061e-21 -8.931771133299999497e-22 -5.822531469500000170e-22 -4.285531844199999739e-22 -3.915455188299999992e-22 -3.297615247599999821e-22 -2.626111008999999966e-22 -2.469572353600000040e-22 -2.434664104699999942e-22 -2.172329956599999977e-22 -1.955031414499999959e-22 -1.907224309699999955e-22 -1.811159406400000049e-22 -1.646568524000000028e-22 -1.573362450300000096e-22 -1.562677430700000035e-22 -1.502910460900000059e-22 -1.434970218800000032e-22 -1.417841766500000009e-22 -1.401692930599999961e-22 -1.346637567800000037e-22 -1.304123679500000016e-22 -1.292337865200000026e-22 -1.266315747299999911e-22 -1.223972334200000006e-22 -1.205099705400000096e-22 -1.199244811899999912e-22 -1.174031430100000006e-22 -1.149518500800000074e-22 -1.144206629900000003e-22 -1.136052748899999969e-22 -1.106830407499999883e-22 -9.897251677899999811e-23 -9.019512149400000175e-23 -8.376472881199999460e-23 -7.823341367300000559e-23 -7.421953898500000382e-23 -7.046160858799999778e-23 -6.617339999499999564e-23 -6.252499075899999791e-23 -5.995259752400000344e-23 -5.824970995899999594e-23
-1.288411119300000044e-19 -2.013006720899999907e-20 -6.155251981499999944e-21 -3.562203501500000329e-21 -2.347877134000000105e-21 -1.598324581699999981e-21 -1.616291368100000030e-21 -1.994699714899999930e-21 -2.032129999999999930e-21 -2.043260779599999834e-21 -3.742378297199999818e-21 -8.455095409399999438e-21 -2.451349972299999969e-20 8.302478992299999741e-19 -2.157662150099999910e-20 -6.527788076100000079e-21 -2.519407876799999813e-21 -1.199710933000000008e-21 -1.008125688500000066e-21 -8.065290622999999613e-22 -5.267989940900000438e-22 -3.928118727799999999e-22 -3.603492552200000120e-22 -3.019311568400000144e-22 -2.419425200299999894e-22 -2.298817567100000010e-22 -2.258527919000000043e-22 -2.010629079600000033e-22 -1.828451541300000033e-22 -1.792815247199999899e-22 -1.691114612400000026e-22 -1.536793081899999897e-22 -1.481303141099999996e-22 -1.471226966800000026e-22 -1.407709229199999936e-22 -1.350923226199999914e-22 -1.343481076700000027e-22 -1.323160125500000041e-22 -1.269203197799999889e-22 -1.236222102400000112e-22 -1.224616960100000064e-22 -1.193209617699999912e-22 -1.155789468800000005e-22 -1.144634273999999960e-22 -1.138491412199999891e-22 -1.113447967199999955e-22 -1.096220554899999980e-22 -1.087054006499999925e-22 -9.775498590999999536e-23 -8.788355778300000221e-23 -8.209464736600000482e-23 -7.779147122999999951e-23 -7.322144650999999676e-23 -6.898215014700000245e-23 -6.588770992400000434e-23 -6.284685651299999639e-23 -5.930870542800000384e-23 -5.650099081899999582e-23 -5.534554663999999729e-23
-9.296312851800000558e-20 -2.019724948600000129e-20 -6.035335563699999651e-21 -2.580667590100000148e-21 -1.829933742200000053e-21 -1.438078478099999975e-21 -1.147881347800000037e-21 -1.242668975699999943e-21 -1.589536619299999942e-21 -1.689173551999999907e-21 -1.746533680499999920e-21 -3.225797289800000040e-21 -7.370037688399999757e-21 -2.157662150099999910e-20 7.363472060900000394e-19 -1.924159497500000117e-20 -5.852514741299999691e-21 -2.273941854000000162e-21 -1.088342789999999939e-21 -9.157524085699999862e-22 -7.377353897800000124e-22 -4.856334802899999845e-22 -3.618350090899999875e-22 -3.328126236599999829e-22 -2.815701114400000093e-22 -2.263323569399999851e-22 -2.144100804499999919e-22 -2.119675200599999994e-22 -1.900938508099999902e-22 -1.722116152600000073e-22 -1.684123185700000044e-22 -1.600407355000000058e-22 -1.459666493900000043e-22 -1.400645418199999940e-22 -1.395121608300000035e-22 -1.344488879099999903e-22 -1.287884658400000080e-22 -1.277214735700000110e-22 -1.263413572000000042e-22 -1.213344263400000100e-22 -1.176115299799999930e-22 -1.166099381700000015e-22 -1.142681958800000094e-22 -1.107927819200000086e-22 -1.095810376700000010e-22 -1.094620351100000098e-22 -1.067541382799999925e-22 -9.558107492600000237e-23 -8.792638273599999650e-23 -8.243183667900000139e-23 -7.686268879000000102e-23 -7.275906045700000411e-23 -6.952433115699999950e-23 -6.585949123999999851e-23 -6.234703197900000545e-23 -5.976854322699999575e-23 -5.727066392800000327e-23 -5.447054880399999476e-23 -5.299531161400000126e-23
-7.189644480399999646e-20 -1.788900173199999944e-20 -5.940693595400000059e-21 -2.272643146099999813e-21 -1.354102802599999947e-21 -1.177255381800000055e-21 -1.023226541999999967e-21 -8.777699172799999666e-22 -1.009997270099999934e-21 -1.334639168000000092e-21 -1.442265679600000093e-21 -1.514774345400000075e-21 -2.834112694699999875e-21 -6.527788076100000079e-21 -1.924159497500000117e-20 6.608805199900000284e-19 -1.735564462299999862e-20 -5.302931354399999683e-21 -2.068639300399999985e-21 -9.974899532099999539e-22 -8.424662796600000098e-22 -6.787773421299999704e-22 -4.492359298700000017e-22 -3.377342723999999874e-22 -3.106446223800000109e-22 -2.629781126499999856e-22 -2.134672983900000102e-22 -2.031563278599999965e-22 -1.998173273000000054e-22 -1.792946233199999940e-22 -1.636606711999999933e-22 -1.601553280399999989e-22 -1.517443749100000102e-22 -1.391477051099999882e-22 -1.343451889300000110e-22 -1.334139168499999921e-22 -1.284424718899999987e-22 -1.236558949699999973e-22 -1.225841985399999968e-22 -1.206850879700000103e-22 -1.161418337100000008e-22 -1.131765918099999911e-22 -1.122034151999999883e-22 -1.098982141499999901e-22 -1.071094346599999890e-22 -1.055769948999999975e-22 -9.636058155999999741e-23 -8.740375821000000104e-23 -8.138575331200000354e-23 -7.762085084900000045e-23 -7.371632848599999952e-23 -6.924358037399999589e-23 -6.592503320999999516e-23 -6.331034761300000408e-23 -6.019396659099999586e-23 -5.714262107100000108e-23 -5.500523989800000064e-23 -5.309610557100000333e-23 -5.154578834799999857e-23
-8.133423535399999731e-20 -1.441627448900000133e-20 -4.631543189600000288e-21 -2.251454774099999986e-21 -1.272585248700000024e-21 -8.649740905299999769e-22 -8.209779111100000051e-22 -7.980899619800000118e-22 -7.271532574299999912e-22 -8.454516348499999746e-22 -1.140824089400000046e-21 -1.262687665199999914e-21 -1.339953276299999914e-21 -2.519407876799999813e-21 -5.852514741299999691e-21 -1.735564462299999862e-20 5.990660799200000034e-19 -1.579585282600000039e-20 -4.848098076100000336e-21 -1.900167784199999974e-21 -9.189469300699999312e-22 -7.787503507199999679e-22 -6.307959472300000336e-22 -4.188977502999999873e-22 -3.155234870399999883e-22 -2.920750744600000040e-22 -2.487180894100000025e-22 -2.017168809199999909e-22 -1.919124986800000043e-22 -1.898126588599999966e-22 -1.707171705499999940e-22 -1.554840297499999884e-22 -1.527297375899999888e-22 -1.455910308300000117e-22 -1.333899900500000036e-22 -1.286555513699999906e-22 -1.283056594399999885e-22 -1.235825260700000021e-22 -1.184894033099999986e-22 -1.176238347400000104e-22 -1.163534153800000098e-22 -1.120371122600000083e-22 -1.091309418599999921e-22 -1.086842606900000100e-22 -1.061527924500000051e-22 -9.480267289700000525e-23 -8.721555259299999990e-23 -8.281106465800000155e-23 -7.763282925500000053e-23 -7.314389263900000008e-23 -7.032260958900000119e-23 -6.714924764400000396e-23 -6.331547032499999734e-23 -6.050448639300000420e-23 -5.829079379400000389e-23 -5.554806376899999427e-23 -5.291379021699999976e-23 -5.129481172300000085e-23 -5.052437518099999796e-23
-7.222216534800000510e-20 -1.297574482700000004e-20 -3.916585309999999678e-21 -1.943882947899999969e-21 -1.234584384699999958e-21 -7.956718223999999767e-22 -6.310456323599999800e-22 -6.563737835300000011e-22 -6.525667431100000119e-22 -6.109897236400000308e-22 -7.347603005499999662e-22 -1.002904947200000093e-21 -1.116932471500000061e-21 -1.199710933000000008e-21 -2.273941854000000162e-21 -5.302931354399999683e-21 -1.579585282600000039e-20 5.476053858499999713e-19 -1.449306892500000059e-20 -4.462955977499999925e-21 -1.755662030799999818e-21 -8.544179103099999561e-22 -7.253731236100000260e-22 -5.882185750500000030e-22 -3.934001636500000172e-22 -2.984408747799999937e-22 -2.756583159900000167e-22 -2.349844895800000204e-22 -1.922254107199999944e-22 -1.831881753699999936e-22 -1.805098158700000091e-22 -1.631061862500000116e-22 -1.496236483800000002e-22 -1.466398756199999922e-22 -1.396408917799999889e-22 -1.287220915799999897e-22 -1.242693400900000116e-22 -1.233226374500000031e-22 -1.189881657600000038e-22 -1.147257729900000017e-22 -1.138709887000000072e-22 -1.125160158100000083e-22 -1.088958517299999896e-22 -1.058389340299999992e-22 -9.700502231299999778e-23 -8.867637900799999660e-23 -8.207844030500000491e-23 -7.805852769200000051e-23 -7.500469590999999864e-23 -7.079694370799999505e-23 -6.705900113300000546e-23 -6.474701533000000120e-23 -6.202077657800000519e-23 -5.864937665100000270e-23 -5.619451876100000503e-23 -5.425078829699999907e-23 -5.186617255399999994e-23 -4.974831550699999763e-23 -4.921446918600000086e-23
-4.904971748399999820e-20 -1.211872387400000048e-20 -3.988135462099999762e-21 -1.636462228999999974e-21 -1.044903196600000059e-21 -8.047275457600000186e-22 -5.966525596299999763e-22 -4.996252271200000033e-22 -5.371429704099999651e-22 -5.585500753400000277e-22 -5.350754577300000028e-22 -6.458212861199999564e-22 -8.931771133299999497e-22 -1.008125688500000066e-21 -1.088342789999999939e-21 -2.068639300399999985e-21 -4.848098076100000336e-21 -1.449306892500000059e-20 5.041598953800000275e-19 -1.338507550299999947e-20 -4.136322131099999969e-21 -1.632948619500000042e-21 -7.974852613100000275e-22 -6.796567503300000114e-22 -5.533089235599999858e-22 -3.710095506399999890e-22 -2.821852483900000123e-22 -2.618897497500000111e-22 -2.240082665600000066e-22 -1.833793889200000077e-22 -1.753110041599999960e-22 -1.734934485499999905e-22 -1.568339227499999931e-22 -1.439061746799999992e-22 -1.415432457099999968e-22 -1.349491895500000042e-22 -1.241327098599999887e-22 -1.200256098699999966e-22 -1.196045072399999972e-22 -1.155041848399999943e-22 -1.113542847499999930e-22 -1.109425714999999932e-22 -1.093371169100000073e-22 -9.780593262499999983e-23 -8.917291248600000328e-23 -8.475985961699999794e-23 -7.992030872900000254e-23 -7.476711591600000557e-23 -7.160150866199999512e-23 -6.917453228799999740e-23 -6.554826944600000064e-23 -6.226841991299999672e-23 -6.029013552499999729e-23 -5.790799469600000472e-23 -5.487492614999999685e-23 -5.267088765800000242e-23 -5.101420455400000023e-23 -4.910001929200000237e-23 -4.805519791700000073e-23
-4.611699925999999968e-20 -1.031430799199999992e-20 -3.566398451400000228e-21 -1.574286260699999947e-21 -9.273583919500000286e-22 -6.992993221699999721e-22 -5.795744298900000451e-22 -4.667199318800000088e-22 -4.195835312799999851e-22 -4.601809924099999938e-22 -4.837017204499999768e-22 -4.751238319200000281e-22 -5.822531469500000170e-22 -8.065290622999999613e-22 -9.157524085699999862e-22 -9.974899532099999539e-22 -1.900167784199999974e-21 -4.462955977499999925e-21 -1.338507550299999947e-20 4.670267918799999529e-19 -1.243404729899999955e-20 -3.852985227399999755e-21 -1.526859500499999996e-21 -7.494649511099999919e-22 -6.392162721500000282e-22 -5.213180819599999567e-22 -3.516883075399999965e-22 -2.685600736299999820e-22 -2.490500183200000049e-22 -2.139701435900000082e-22 -1.764137757900000037e-22 -1.684771338999999993e-22 -1.665849586800000095e-22 -1.513529880499999925e-22 -1.391068051199999962e-22 -1.363605856200000085e-22 -1.302726217199999953e-22 -1.205089853499999944e-22 -1.165903862100000000e-22 -1.160894226100000066e-22 -1.126167407200000009e-22 -1.083504956300000013e-22 -1.000643937599999965e-22 -9.298952676400000141e-23 -8.589660113400000321e-23 -8.064664022900000367e-23 -7.752333481900000410e-23 -7.357151505200000277e-23 -6.912156391900000229e-23 -6.645140607699999415e-23 -6.441303792899999944e-23 -6.117430798499999498e-23 -5.823256422499999832e-23 -5.651837244199999751e-23 -5.439028734200000346e-23 -5.161513266200000218e-23 -4.968892941699999727e-23 -4.843836214300000252e-23 -4.755166107000000205e-23
-5.166331548500000079e-20 -9.095349636499999912e-21 -2.907649274900000080e-21 -1.495454566199999966e-21 -9.118716024499999379e-22 -5.985806754900000444e-22 -4.995605100799999711e-22 -4.625570277299999778e-22 -3.905795851499999885e-22 -3.553293065799999944e-22 -4.026266850100000050e-22 -4.347462737000000132e-22 -4.285531844199999739e-22 -5.267989940900000438e-22 -7.377353897800000124e-22 -8.424662796600000098e-22 -9.189469300699999312e-22 -1.755662030799999818e-21 -4.136322131099999969e-21 -1.243404729899999955e-20 4.349494087399999615e-19 -1.160925706299999938e-20 -3.607794442000000065e-21 -1.433467136600000018e-21 -7.058637921899999596e-22 -6.041147341700000316e-22 -4.938393597799999863e-22 -3.338594748699999817e-22 -2.562000809000000052e-22 -2.386106929099999825e-22 -2.051761705799999896e-22 -1.695063009199999970e-22 -1.625435879499999887e-22 -1.607482508500000052e-22 -1.457928715600000056e-22 -1.343464902400000055e-22 -1.322457193400000000e-22 -1.264387960999999906e-22 -1.170608184900000069e-22 -1.137647475299999889e-22 -1.129803501300000070e-22 -1.019585269100000054e-22 -9.248508477200000466e-23 -8.838219811799999730e-23 -8.452944263200000492e-23 -7.880892661899999900e-23 -7.444726681699999843e-23 -7.192259991000000085e-23 -6.847840060800000128e-23 -6.449358578099999519e-23 -6.216559847799999503e-23 -6.039190004299999598e-23 -5.744893772400000171e-23 -5.478905526400000296e-23 -5.327572658700000404e-23 -5.134019971099999747e-23 -4.884968164399999865e-23 -4.732651644699999724e-23 -4.705272047099999859e-23
-4.464387339699999859e-20 -9.092230077399999608e-21 -2.847544075200000175e-21 -1.300807346800000000e-21 -8.315249328000000154e-22 -5.837927350499999744e-22 -4.451137492100000143e-22 -4.008306848599999830e-22 -3.799864060100000101e-22 -3.354648578600000132e-22 -3.181007298899999849e-22 -3.612486459500000158e-22 -3.915455188299999992e-22 -3.928118727799999999e-22 -4.856334802899999845e-22 -6.787773421299999704e-22 -7.787503507199999679e-22 -8.544179103099999561e-22 -1.632948619500000042e-21 -3.852985227399999755e-21 -1.160925706299999938e-20 4.069721489799999799e-19 -1.088677955899999979e-20 -3.390944930699999664e-21 -1.351720449499999933e-21 -6.682770006799999910e-22 -5.724200788300000363e-22 -4.692118074599999901e-22 -3.190805266299999985e-22 -2.454892437500000017e-22 -2.286749171299999988e-22 -1.975348244499999929e-22 -1.637913166800000106e-22 -1.566978663799999901e-22 -1.551099617800000078e-22 -1.414118774200000093e-22 -1.305506389100000063e-22 -1.284363569300000071e-22 -1.233096796300000016e-22 -1.141069924300000010e-22 -1.034273903400000048e-22 -9.736003678100000434e-23 -9.055020366900000503e-23 -8.436144888799999964e-23 -8.146016992200000243e-23 -7.839198735599999800e-23 -7.338033616699999659e-23 -6.954651714500000086e-23 -6.737376413599999825e-23 -6.428773256900000028e-23 -6.066169005799999747e-23 -5.857619803900000561e-23 -5.700245755899999920e-23 -5.431789320899999528e-23 -5.188155056800000191e-23 -5.051520946699999909e-23 -4.881082531900000228e-23 -4.673452532800000002e-23 -4.618397095999999820e-23
-3.812501660800000026e-20 -8.951994527400000631e-21 -2.935190666099999840e-21 -1.195394677499999910e-21 -7.211567284100000369e-22 -5.525581656899999688e-22 -4.312767433200000340e-22 -3.500812277599999878e-22 -3.343961515999999893e-22 -3.315874971699999989e-22 -2.977158626900000186e-22 -2.853937826600000081e-22 -3.297615247599999821e-22 -3.603492552200000120e-22 -3.618350090899999875e-22 -4.492359298700000017e-22 -6.307959472300000336e-22 -7.253731236100000260e-22 -7.974852613100000275e-22 -1.526859500499999996e-21 -3.607794442000000065e-21 -1.088677955899999979e-20 3.823682394899999767e-19 -1.024955557599999926e-20 -3.199779820300000174e-21 -1.278573501500000091e-21 -6.345197413399999587e-22 -5.450673878700000262e-22 -4.474561734100000445e-22 -3.052316826999999969e-22 -2.359941921000000081e-22 -2.201046085800000109e-22 -1.901195038699999994e-22 -1.582014418399999935e-22 -1.519208403700000096e-22 -1.504344670900000061e-22 -1.373228417899999940e-22 -1.273646072099999985e-22 -1.250590960699999959e-22 -1.127870062099999969e-22 -9.880904114500000118e-23 -9.222556027999999925e-23 -8.921531640399999921e-23 -8.372674293500000529e-23 -7.841574693499999499e-23 -7.606697711899999829e-23 -7.346152535500000525e-23 -6.891789412699999999e-23 -6.544017780399999689e-23 -6.352859483000000503e-23 -6.072390627800000385e-23 -5.736994948399999920e-23 -5.547951479800000241e-23 -5.408505688899999835e-23 -5.160639512699999790e-23 -4.934458330499999894e-23 -4.817349711800000117e-23 -4.683338621699999952e-23 -4.573006161099999912e-23
-4.243136321399999818e-20 -8.323095602200000422e-21 -2.654019483400000149e-21 -1.196022069700000031e-21 -6.920694006299999853e-22 -4.781755528199999794e-22 -3.954590183099999819e-22 -3.428002952999999970e-22 -2.986936741700000131e-22 -2.891680219200000220e-22 -2.917719058799999919e-22 -2.708671172299999973e-22 -2.626111008999999966e-22 -3.019311568400000144e-22 -3.328126236599999829e-22 -3.377342723999999874e-22 -4.188977502999999873e-22 -5.882185750500000030e-22 -6.796567503300000114e-22 -7.494649511099999919e-22 -1.433467136600000018e-21 -3.390944930699999664e-21 -1.024955557599999926e-20 3.605662243699999888e-19 -9.682464866700000279e-21 -3.029093026800000028e-21 -1.214061039100000087e-21 -6.043840093900000185e-22 -5.198554045999999732e-22 -4.280048602300000396e-22 -2.930096137699999903e-22 -2.267830984699999933e-22 -2.119037485800000091e-22 -1.838584330699999928e-22 -1.534398105800000010e-22 -1.473967062899999931e-22 -1.464106712500000114e-22 -1.336105886400000104e-22 -1.168188586799999968e-22 -1.095274136099999963e-22 -1.013725466899999943e-22 -9.073146664399999652e-23 -8.542973469199999449e-23 -8.316508198800000462e-23 -7.833532687299999682e-23 -7.356085314899999529e-23 -7.156275083900000331e-23 -6.926842240199999522e-23 -6.506989763300000229e-23 -6.187505646199999848e-23 -6.017026301300000493e-23 -5.758306221999999600e-23 -5.445873484599999639e-23 -5.274586877499999708e-23 -5.149255760800000173e-23 -4.917919128700000029e-23 -4.713816034899999795e-23 -4.629921998999999748e-23 -4.588813838300000049e-23
-4.384934840599999733e-20 -8.020116967900000398e-21 -2.444607106800000160e-21 -1.147317633399999921e-21 -6.844886338599999780e-22 -4.439180523699999633e-22 -3.503847408800000148e-22 -3.226853864799999892e-22 -2.885699579200000107e-22 -2.571375302799999867e-22 -2.592742008999999953e-22 -2.662432123499999912e-22 -2.469572353600000040e-22 -2.419425200299999894e-22 -2.815701114400000093e-22 -3.106446223800000109e-22 -3.155234870399999883e-22 -3.934001636500000172e-22 -5.533089235599999858e-22 -6.392162721500000282e-22 -7.058637921899999596e-22 -1.351720449499999933e-21 -3.199779820300000174e-21 -9.682464866700000279e-21 3.411173782599999989e-19 -9.176201731200000500e-21 -2.876213014799999943e-21 -1.155427138299999955e-21 -5.774418736099999968e-22 -4.974894494600000014e-22 -4.098275645799999886e-22 -2.815207245300000075e-22 -2.189819506799999939e-22 -2.048470539299999957e-22 -1.780039205200000018e-22 -1.493857538600000018e-22 -1.433757532799999929e-22 -1.352503889200000057e-22 -1.179750830399999990e-22 -1.054559580799999962e-22 -1.011851168399999957e-22 -9.434295412099999561e-23 -8.474907513300000085e-23 -8.010765785300000137e-23 -7.824897569099999898e-23 -7.385186445300000479e-23 -6.947547411999999911e-23 -6.772663389400000189e-23 -6.565219566000000072e-23 -6.173899240899999853e-23 -5.878429518900000100e-23 -5.723625165299999809e-23 -5.483149541199999434e-23 -5.192124190800000273e-23 -5.035270276399999900e-23 -4.920632508599999737e-23 -4.710658853299999900e-23 -4.542658067599999758e-23 -4.549684162300000166e-23
-3.728474246999999862e-20 -8.017732070999999389e-21 -2.523062673100000094e-21 -1.060259468600000043e-21 -6.351637397200000469e-22 -4.490422986599999703e-22 -3.366082777399999914e-22 -2.841271483699999798e-22 -2.700628637700000041e-22 -2.532743298900000002e-22 -2.325729662099999912e-22 -2.348332701899999866e-22 -2.434664104699999942e-22 -2.298817567100000010e-22 -2.263323569399999851e-22 -2.629781126499999856e-22 -2.920750744600000040e-22 -2.984408747799999937e-22 -3.710095506399999890e-22 -5.213180819599999567e-22 -6.041147341700000316e-22 -6.682770006799999910e-22 -1.278573501500000091e-21 -3.029093026800000028e-21 -9.176201731200000500e-21 3.236615756199999894e-19 -8.720091911100000151e-21 -2.738505456900000138e-21 -1.102877536899999925e-21 -5.525474278599999531e-22 -4.767850763299999754e-22 -3.938569867399999911e-22 -2.715255541699999857e-22 -2.117638916800000120e-22 -1.986789786900000062e-22 -1.727868923399999895e-22 -1.383326894300000064e-22 -1.276105384799999973e-22 -1.233301210099999947e-22 -1.094720096399999983e-22 -9.844430328499999496e-23 -9.493152479700000505e-23 -8.879687057200000324e-23 -7.991562804400000058e-23 -7.569628703599999574e-23 -7.410118244700000380e-23 -7.004712824099999748e-23 -6.598065566599999588e-23 -6.440766802900000163e-23 -6.251770137600000159e-23 -5.885371974200000059e-23 -5.608859595599999626e-23 -5.467235052400000509e-23 -5.244290244899999902e-23 -4.971084493699999972e-23 -4.825325592099999867e-23 -4.727033402699999804e-23 -4.552543464900000186e-23 -4.477521667800000177e-23
