8.905309008999999018e-16 -5.779353852799999881e-18 3.032524048999999988e-20 6.908415252799999304e-21 2.347280088600000183e-21 1.853799649499999983e-21 1.163167989300000022e-21 4.441121646799999782e-22 2.179497690599999959e-22 1.861033166900000028e-22 1.105195117100000025e-22 4.979559648099999954e-23 4.621362791300000106e-23 4.643363463499999840e-23 3.017997039900000117e-23 2.116382115899999961e-23 2.164315170099999871e-23 1.763222218100000044e-23 1.117187974399999980e-23 9.777508126699999756e-24 1.012058235200000032e-23 8.199955958800000406e-24 6.627130584900000495e-24 6.870878626100000714e-24 6.655289145200000580e-24 5.389523645899999781e-24 4.774841410499999692e-24 4.819183487499999673e-24 4.307913877600000033e-24 3.602422391999999811e-24 3.530006569600000001e-24 3.541509670500000361e-24 3.121568592500000182e-24 2.829713302599999934e-24 2.867758871200000125e-24 2.716131911300000045e-24 2.414190061700000094e-24 2.314220655199999949e-24 2.299761805599999917e-24 2.135244367599999901e-24 4.003672099700000027e-25 -1.435428151399999975e-23 -6.403852851399999801e-24 4.840990843999999784e-24 -6.893326869200000162e-25 -4.894250259699999958e-24 6.439877372600000458e-25 1.260269887999999935e-24 1.550805441599999982e-23 2.380098770900000134e-23 2.145301216699999946e-23 1.516582826099999970e-23 -1.059127063999999927e-23 -3.981513036800000096e-23 -3.367212145200000228e-23 -3.163552015599999950e-24 2.518416963700000108e-23 2.517593832599999919e-23 -3.919547971799999955e-24
-5.779353852799999881e-18 1.920636310399999968e-16 -1.416680481399999942e-18 -6.653782209300000094e-22 1.037386716299999911e-21 7.902999989000000233e-22 5.063839284699999617e-22 2.960225867299999843e-22 1.493779075100000080e-22 8.348118612700000070e-23 5.598665343700000431e-23 3.764653730199999780e-23 2.543524060099999893e-23 2.006320405100000007e-23 1.690359962299999976e-23 1.326987916099999985e-23 1.028427439799999991e-23 8.458023529000000568e-24 6.941798316399999478e-24 5.576267807699999927e-24 4.774617276500000302e-24 4.346599691500000205e-24 3.920335636499999746e-24 3.525162810400000210e-24 3.237132949600000005e-24 2.973706598500000113e-24 2.675277427500000078e-24 2.406843337399999946e-24 2.211379845899999906e-24 2.046528362600000081e-24 1.886067776200000076e-24 1.761989533599999835e-24 1.671048715200000149e-24 1.571415209999999981e-24 1.467883942199999919e-24 1.393363176099999941e-24 1.321562336799999944e-24 1.252167787700000032e-24 1.190713547900000039e-24 1.123197966600000007e-24 3.084617574200000014e-25 -1.753556041899999876e-23 -1.023396819000000006e-23 -7.642149437399999269e-24 -6.987914315500000417e-25 -3.331892690900000207e-25 -2.603745212900000112e-24 1.027568263400000024e-23 1.752717370900000024e-23 2.548049829899999887e-23 2.577101548500000026e-23 7.491665329500000428e-24 -1.826334838299999948e-23 -3.382374260299999930e-23 -3.178852601900000217e-23 -8.203463207800000128e-24 1.352230427700000145e-23 1.283387926700000066e-23 1.975809948300000130e-23
3.032524048999999988e-20 -1.416680481399999942e-18 1.118947747299999878e-16 -8.491635935300000424e-19 -4.295231123599999798e-21 -3.256769498399999788e-22 1.863933408600000009e-22 1.700894711800000114e-22 1.106030645900000109e-22 5.385719321399999680e-23 3.241089373500000092e-23 2.551657369199999870e-23 1.700264999999999892e-23 1.094774699699999941e-23 9.499794347499999428e-24 8.219774093799999839e-24 5.944207684299999868e-24 4.665132187799999989e-24 4.256527431299999888e-24 3.513356062000000219e-24 2.738420943900000165e-24 2.498902284899999841e-24 2.375566488500000095e-24 2.043830277700000136e-24 1.797110472099999940e-24 1.727643642499999966e-24 1.590795873000000000e-24 1.378652104100000034e-24 1.270045680699999952e-24 1.220101311799999975e-24 1.109441777600000088e-24 1.002516381999999938e-24 9.672829431500000065e-25 9.264505668099999370e-25 8.480729452300000095e-25 7.946132834199999581e-25 7.741180251600000384e-25 7.305800790399999880e-25 6.845366148300000043e-25 6.552128288700000117e-25 2.869096656599999777e-25 -4.431353181399999905e-24 -1.428306787000000001e-23 -1.235117921000000040e-23 -6.897407865700000153e-24 2.381821140599999949e-25 8.443029990200000355e-24 1.240708591900000001e-23 1.867973913599999990e-23 1.810181347799999930e-23 1.097643738599999954e-23 -5.685683788199999933e-24 -1.487792294499999892e-23 -1.073078005199999963e-23 -8.015902405100000556e-24 -1.221329675899999987e-23 -1.480489728099999941e-23 9.223689891299999672e-24 2.044459401300000072e-23
6.908415252799999304e-21 -6.653782209300000094e-22 -8.491635935300000424e-19 7.940838241599999581e-17 -6.226543710900000393e-19 -4.818428417699999655e-21 -6.135897949999999853e-22 3.042594432500000186e-23 5.971013662699999718e-23 4.582218139300000246e-23 2.523261645500000130e-23 1.522291813900000084e-23 1.164576768600000007e-23 8.442259262300000367e-24 5.714717140800000131e-24 4.577054617100000133e-24 4.006360581400000293e-24 3.177054192299999962e-24 2.505337741800000032e-24 2.204574553699999835e-24 1.927485565400000128e-24 1.592484837499999995e-24 1.388925772900000078e-24 1.292141469600000064e-24 1.167347574199999924e-24 1.032223731999999964e-24 9.520327607100000656e-25 8.937997430199999345e-25 8.105100085499999744e-25 7.343557287900000444e-25 6.909176906599999545e-25 6.490058571400000181e-25 5.954052405300000365e-25 5.589820642400000178e-25 5.358193393100000103e-25 5.036364987999999731e-25 4.678888308200000447e-25 4.440846149399999971e-25 4.205792924300000023e-25 4.127897408300000083e-25 1.344491939899999942e-24 7.510766683599999958e-25 -5.936568371799999755e-24 -1.216295295700000009e-23 -1.026724532700000054e-23 1.524500131299999921e-24 1.342718166499999870e-23 1.598535380000000010e-23 1.300681808599999989e-23 5.695076161299999779e-24 -1.024780774200000033e-23 -9.815501760300000062e-24 4.710706534500000287e-25 7.192602493700000344e-24 5.635110647799999747e-24 -1.322871559400000024e-23 -1.292914750799999951e-23 -5.079531996000000213e-24 7.943542884799999660e-24
2.347280088600000183e-21 1.037386716299999911e-21 -4.295231123599999798e-21 -6.226543710900000393e-19 5.945251114999999918e-17 -4.949293198800000363e-19 -4.313759352699999982e-21 -6.173247551899999675e-22 -1.748528124599999977e-23 2.563554441200000096e-23 2.314849893600000112e-23 1.304056640200000054e-23 8.409258181699999380e-24 6.593360400800000031e-24 4.619691857900000110e-24 3.189394561600000007e-24 2.733335905699999837e-24 2.385829642400000137e-24 1.867476648799999967e-24 1.548311873699999979e-24 1.406830546499999983e-24 1.197450668199999920e-24 9.862976109899999376e-25 8.949923683199999879e-25 8.312429200199999784e-25 7.313537188100000198e-25 6.602892611200000000e-25 6.279733630399999767e-25 5.804670685499999574e-25 5.211644327300000409e-25 4.856540247899999647e-25 4.603138110399999942e-25 4.243936799400000138e-25 3.917789853199999978e-25 3.749678869099999984e-25 3.560386923900000116e-25 3.283518320700000002e-25 3.051786409399999810e-25 2.913401846900000115e-25 2.776303878099999946e-25 1.280554912799999938e-24 4.028757297300000097e-24 1.564527211300000083e-24 -4.198067875599999711e-24 -3.552219435999999749e-24 2.877324316899999866e-24 8.780514957900000455e-24 1.346832993199999946e-23 3.983959322100000102e-24 -1.274946735199999940e-23 -1.288239372199999961e-23 -3.875262268100000284e-24 1.015035978600000023e-23 1.449123614299999975e-23 1.054164195400000049e-24 3.688835045099999897e-24 -3.892206138099999750e-24 -1.200604166699999945e-23 -6.779827827400000440e-24
1.853799649499999983e-21 7.902999989000000233e-22 -3.256769498399999788e-22 -4.818428417699999655e-21 -4.949293198800000363e-19 5.001536079400000192e-17 -4.256764612100000172e-19 -3.855721068300000206e-21 -6.011052219599999622e-22 -3.646727586900000276e-23 9.265913583599999953e-24 1.254179431099999968e-23 7.514319107199999625e-24 4.760824402400000328e-24 3.802253502000000059e-24 2.820289323699999881e-24 1.970271806100000155e-24 1.662888976100000011e-24 1.506792837999999996e-24 1.223178637300000054e-24 9.949054440900000502e-25 8.970757288800000780e-25 7.912864578599999628e-25 6.580817690300000347e-25 5.827490742099999659e-25 5.498335775500000048e-25 4.993002025099999634e-25 4.458791903300000413e-25 4.185651077399999779e-25 3.960341514000000047e-25 3.597122790100000039e-25 3.298584756299999867e-25 3.135447488400000010e-25 2.945323503799999801e-25 2.707904325799999822e-25 2.550088125599999806e-25 2.430581331899999853e-25 2.260000555399999955e-25 2.083948120799999965e-25 1.958669160299999938e-25 -1.931284418700000048e-25 6.857373525599999684e-24 4.738741706399999711e-24 8.407909219700000564e-24 7.590794093000000627e-24 3.681386809900000189e-24 3.774961176699999947e-24 -1.881581438799999868e-24 -1.057953350000000051e-23 -1.305049140800000049e-23 -6.486935826400000074e-24 5.997173118099999791e-24 9.486958146800000037e-24 4.101208477300000220e-24 1.196130367999999996e-23 8.503346545899999995e-24 3.118569449200000032e-24 -5.473586629599999724e-24 -1.277906774300000015e-23
1.163167989300000022e-21 5.063839284699999617e-22 1.863933408600000009e-22 -6.135897949999999853e-22 -4.313759352699999982e-21 -4.256764612100000172e-19 4.606233136900000269e-17 -3.891781937899999784e-19 -3.734494503199999927e-21 -6.045806683499999652e-22 -4.555323182199999949e-23 1.599718712599999986e-24 7.128951671899999958e-24 4.556683482200000089e-24 3.034728253099999827e-24 2.445061634200000157e-24 1.810408570400000137e-24 1.316335851199999984e-24 1.141150465400000022e-24 1.014916109100000073e-24 8.248082673099999778e-25 6.935687800900000086e-25 6.267461779900000397e-25 5.437887481900000426e-25 4.616741697700000144e-25 4.203638988500000192e-25 3.916280868900000174e-25 3.530037912000000051e-25 3.227373036800000175e-25 3.048308451699999893e-25 2.841435093399999972e-25 2.597304132400000080e-25 2.423014706899999915e-25 2.288661754500000076e-25 2.124870777900000211e-25 1.972217620900000076e-25 1.877256723999999906e-25 1.785825461500000000e-25 1.621194831800000008e-25 1.360989616699999995e-25 -2.631029334100000003e-25 5.480055843000000013e-25 1.286783416400000016e-23 1.509440897899999963e-23 1.423026760999999986e-23 8.072157207900000155e-24 -5.929312768800000231e-24 -1.806632129600000144e-23 -1.740193774499999859e-23 -4.790102870399999725e-24 4.746812198899999911e-24 6.254725991899999766e-24 6.169342600300000133e-25 7.509695252600000416e-24 1.082941037999999960e-23 1.073079916499999975e-23 6.043274843400000050e-24 1.312981122099999946e-24 -5.805173529300000253e-24
4.441121646799999782e-22 2.960225867299999843e-22 1.700894711800000114e-22 3.042594432500000186e-23 -6.173247551899999675e-22 -3.855721068300000206e-21 -3.891781937899999784e-19 4.214366976000000057e-17 -3.656286843200000118e-19 -3.633575705600000362e-21 -5.905854291799999836e-22 -5.090259913299999968e-23 -2.962140573799999855e-24 4.209262364099999781e-24 2.946910702599999953e-24 1.981678243899999899e-24 1.645986009399999987e-24 1.253169613399999919e-24 9.070816799799999522e-25 7.855586085799999979e-25 7.166223515900000204e-25 5.873304030700000439e-25 4.878538368900000340e-25 4.474820706499999567e-25 3.983057634799999975e-25 3.367955582300000005e-25 3.045861735100000172e-25 2.893412701100000166e-25 2.630933355800000052e-25 2.376572707700000152e-25 2.251618989299999824e-25 2.128811700300000225e-25 1.941706208799999954e-25 1.794593742799999926e-25 1.708964067299999984e-25 1.603593143499999995e-25 1.491982392999999914e-25 1.409502672400000095e-25 1.311743731900000061e-25 1.215066930399999922e-25 -8.682475188400000034e-25 3.906742472000000261e-24 1.065855272700000073e-23 1.803859720799999964e-23 1.497522500800000107e-23 4.331958496500000233e-24 -1.290393344399999958e-23 -2.027608372399999890e-23 -1.200055061899999941e-23 -2.475569220800000049e-25 7.127778430500000356e-24 -2.684097849199999816e-25 4.646015920600000286e-24 7.245639427599999286e-24 6.636983686900000693e-24 8.313661198099999782e-24 8.473863472100000605e-24 5.006253020099999939e-24 8.019081798200000446e-25
2.179497690599999959e-22 1.493779075100000080e-22 1.106030645900000109e-22 5.971013662699999718e-23 -1.748528124599999977e-23 -6.011052219599999622e-22 -3.734494503199999927e-21 -3.656286843200000118e-19 3.970631077399999921e-17 -3.509663916500000080e-19 -3.481301689800000071e-21 -5.873884739099999833e-22 -5.541030938900000129e-23 -5.611859116799999968e-24 2.468568593199999917e-24 1.995053682700000173e-24 1.387816834200000015e-24 1.150836446400000056e-24 8.812675004700000740e-25 6.563797673500000382e-25 5.712356190299999905e-25 5.152520185499999697e-25 4.294622455599999949e-25 3.656277743299999858e-25 3.329765630499999797e-25 2.953195918700000148e-25 2.554244369999999837e-25 2.328597216599999910e-25 2.184786823700000181e-25 1.996966987500000111e-25 1.830183960599999891e-25 1.725326133399999970e-25 1.616730557300000077e-25 1.491171233099999892e-25 1.393484300799999956e-25 1.324697823100000070e-25 1.236561877699999947e-25 1.151921953199999940e-25 1.097321534300000012e-25 9.135663197599999882e-26 4.915503647699999935e-25 5.417402403500000216e-24 9.449991184599999633e-24 1.080289608700000040e-23 8.309953242700000591e-24 -5.508185641699999901e-24 -1.000468222700000071e-23 -7.398095785199999271e-24 -3.694888871299999925e-24 -1.740123637599999934e-25 -4.733084870800000085e-24 5.553050345599999728e-24 6.116716429699999705e-24 3.986531400600000229e-24 5.081837416199999939e-24 4.742293022299999821e-24 7.162359117799999367e-24 7.564056367500000136e-24 4.451166503099999928e-24
1.861033166900000028e-22 8.348118612700000070e-23 5.385719321399999680e-23 4.582218139300000246e-23 2.563554441200000096e-23 -3.646727586900000276e-23 -6.045806683499999652e-22 -3.633575705600000362e-21 -3.509663916500000080e-19 3.941146912700000047e-17 -3.457687938999999961e-19 -3.542985826099999637e-21 -6.168030560199999706e-22 -5.948465653299999628e-23 -7.408304846100000722e-24 1.405361904999999997e-24 1.394413298800000032e-24 9.898931403600000090e-25 8.410762732800000845e-25 6.503768450100000302e-25 4.827585332199999807e-25 4.261022088399999701e-25 3.916809468500000012e-25 3.260433688699999800e-25 2.771562452799999970e-25 2.568436970000000061e-25 2.297638960100000084e-25 1.974703895100000094e-25 1.809773101200000079e-25 1.718851549899999936e-25 1.567507921799999990e-25 1.426483447899999991e-25 1.355630339399999904e-25 1.281161609100000110e-25 1.182464220399999912e-25 1.102274579800000030e-25 1.050021336400000076e-25 9.858868977900000092e-26 9.126151612700000033e-26 1.014827849099999994e-25 1.165403714699999929e-24 8.004521044200000328e-24 5.859662079900000042e-24 6.250478227099999793e-25 -8.616375178099999407e-24 -5.674716511400000215e-24 -6.576918219599999903e-25 5.281621635000000226e-24 3.672898247699999774e-24 -7.784693837799999364e-24 -1.225387462199999965e-24 1.647100735399999995e-24 4.853959369400000342e-24 4.114326496299999949e-24 2.328328821400000001e-24 4.174120843200000156e-24 4.087299528499999916e-24 6.487098576599999762e-24 6.980352247199999271e-24
1.105195117100000025e-22 5.598665343700000431e-23 3.241089373500000092e-23 2.523261645500000130e-23 2.314849893600000112e-23 9.265913583599999953e-24 -4.555323182199999949e-23 -5.905854291799999836e-22 -3.481301689800000071e-21 -3.457687938999999961e-19 3.899240547699999788e-17 -3.499566828399999962e-19 -3.730046881800000004e-21 -6.418613182300000107e-22 -6.288820503000000032e-23 -8.838445979199999569e-24 6.919688241800000277e-25 1.002995510399999998e-24 7.302569731800000259e-25 6.216002369400000231e-25 4.878801223699999701e-25 3.704527655000000040e-25 3.260492298700000024e-25 2.990131901900000001e-25 2.535342610300000099e-25 2.175742357799999897e-25 2.000203354600000092e-25 1.799760425200000004e-25 1.570636382799999984e-25 1.437455544700000088e-25 1.356202007300000031e-25 1.248710757500000104e-25 1.145980613899999989e-25 1.085071906799999937e-25 1.020717217100000006e-25 9.492598037500000273e-26 8.920195354099999520e-26 8.446228065599999522e-26 8.693607238700000523e-26 9.879233987300000262e-26 1.706831785900000054e-24 7.539910206199999444e-24 -4.697385002100000383e-25 -1.258782394600000006e-23 -1.240586953899999940e-23 -3.756384917000000072e-24 8.815170379900000564e-24 9.619701687199999395e-24 8.252370381000000383e-25 2.470340823499999902e-24 -1.457350172300000029e-24 -1.527071783000000090e-24 -4.100887235499999776e-26 3.206684575300000146e-24 3.297349660099999850e-24 1.830037155199999827e-24 3.691384450499999833e-24 3.680084737199999857e-24 6.052492357200000303e-24
4.979559648099999954e-23 3.764653730199999780e-23 2.551657369199999870e-23 1.522291813900000084e-23 1.304056640200000054e-23 1.254179431099999968e-23 1.599718712599999986e-24 -5.090259913299999968e-23 -5.873884739099999833e-22 -3.542985826099999637e-21 -3.499566828399999962e-19 3.936576603199999947e-17 -3.641073699499999907e-19 -3.832612009899999886e-21 -6.642257083700000039e-22 -6.661191926199999863e-23 -9.680939033900000511e-24 2.377173089000000129e-25 7.294400720499999576e-25 5.498370476300000268e-25 4.784424498500000192e-25 3.766252019200000203e-25 2.868199073199999795e-25 2.564182421099999786e-25 2.366984065700000214e-25 2.000073392500000000e-25 1.727409387099999999e-25 1.606313886500000051e-25 1.445442344000000058e-25 1.258700982300000078e-25 1.163757248499999961e-25 1.106560310000000030e-25 1.016933287799999953e-25 9.297377018999999777e-26 8.829286324999999668e-26 8.317622980800000366e-26 7.748216403499999716e-26 7.701144296899999701e-26 8.268402901500000524e-26 9.517376025999999502e-26 1.521519426900000012e-24 1.860032805100000014e-24 -1.047122504399999998e-23 -1.301427223200000063e-23 -7.655301767699999337e-24 1.981820766100000180e-24 6.340045206299999717e-24 4.306985047199999657e-24 8.152566222399999975e-24 6.494532766399999767e-24 1.989973861399999875e-24 -2.920562264300000124e-24 -2.787949727000000089e-24 -6.218953175399999844e-25 2.677446289299999984e-24 2.878474944600000099e-24 1.551325426100000090e-24 3.363515248199999836e-24 3.432894530299999842e-24
4.621362791300000106e-23 2.543524060099999893e-23 1.700264999999999892e-23 1.164576768600000007e-23 8.409258181699999380e-24 7.514319107199999625e-24 7.128951671899999958e-24 -2.962140573799999855e-24 -5.541030938900000129e-23 -6.168030560199999706e-22 -3.730046881800000004e-21 -3.641073699499999907e-19 4.227399175400000006e-17 -3.869256104000000231e-19 -4.051175947699999875e-21 -7.125255362099999608e-22 -6.938679406799999882e-23 -1.039197307099999942e-23 -1.221290548100000105e-25 5.442315696600000152e-25 4.243795267499999969e-25 3.721891271900000218e-25 2.976371292300000058e-25 2.292518731700000076e-25 2.041093239799999959e-25 1.892931281100000105e-25 1.619876187500000075e-25 1.400678176899999999e-25 1.298090191199999900e-25 1.179796637000000109e-25 1.038471271699999968e-25 9.595289919299999973e-26 9.103140645900000517e-26 8.413832409999999867e-26 7.699441675800000254e-26 7.258254678600000338e-26 7.025706884200000272e-26 7.050965901399999697e-26 7.648492007399999905e-26 9.081699771800000203e-26 6.156053912199999901e-25 -8.808267900700000698e-24 -1.048419053199999991e-23 -5.774790915200000190e-24 9.980350467899999482e-25 2.341946229400000008e-24 -2.060572772500000124e-24 5.082217941199999674e-24 9.637077462099999592e-24 7.400874900900000326e-24 4.684270488799999656e-24 6.023223182099999813e-25 -3.338176481399999671e-24 -3.010218022599999906e-24 -8.431946380499999980e-25 2.364532150599999853e-24 2.601692177500000040e-24 1.366591799100000008e-24 3.142687228000000015e-24
4.643363463499999840e-23 2.006320405100000007e-23 1.094774699699999941e-23 8.442259262300000367e-24 6.593360400800000031e-24 4.760824402400000328e-24 4.556683482200000089e-24 4.209262364099999781e-24 -5.611859116799999968e-24 -5.948465653299999628e-23 -6.418613182300000107e-22 -3.832612009899999886e-21 -3.869256104000000231e-19 4.551855147000000073e-17 -4.147206783099999852e-19 -4.397547418699999791e-21 -7.479670585699999934e-22 -7.234795902899999754e-23 -1.129529532500000038e-23 -3.777402364699999787e-25 4.101730014599999873e-25 3.336483079200000128e-25 2.968493745700000124e-25 2.376090769200000193e-25 1.845281350400000113e-25 1.660702016000000000e-25 1.540005243499999965e-25 1.317100722499999925e-25 1.150117081099999901e-25 1.074136083000000039e-25 9.761731523200000186e-26 8.604627719499999957e-26 8.016841606500000401e-26 7.629899672099999439e-26 7.031548626899999433e-26 6.540559349499999998e-26 6.379435668599999965e-26 6.275205632599999552e-26 6.672221125900000190e-26 7.383477541500000199e-26 -1.270245633199999925e-24 -1.057599503200000051e-23 -4.305500260400000292e-24 3.051834829000000023e-24 3.871624403700000048e-24 -2.896533468100000056e-24 1.314305384900000022e-24 3.429466346599999931e-24 4.486159283799999681e-24 7.728102170799999555e-24 5.798899532800000058e-24 3.926680362700000359e-24 2.357033145199999923e-25 -3.424868706799999667e-24 -3.055114113900000117e-24 -9.469426795199999101e-25 2.146590381100000133e-24 2.396894765900000140e-24 1.257105396400000089e-24
3.017997039900000117e-23 1.690359962299999976e-23 9.499794347499999428e-24 5.714717140800000131e-24 4.619691857900000110e-24 3.802253502000000059e-24 3.034728253099999827e-24 2.946910702599999953e-24 2.468568593199999917e-24 -7.408304846100000722e-24 -6.288820503000000032e-23 -6.642257083700000039e-22 -4.051175947699999875e-21 -4.147206783099999852e-19 4.801785400099999695e-17 -4.420757040200000444e-19 -4.520080040499999723e-21 -7.668909116599999842e-22 -7.601944452300000044e-23 -1.167112036299999996e-23 -5.102386007499999744e-25 3.140001860699999912e-25 2.644094841099999830e-25 2.391793141800000221e-25 1.937771130099999947e-25 1.511532045200000077e-25 1.359053269799999967e-25 1.270419767899999911e-25 1.096082842399999959e-25 9.572236288299999880e-26 8.937823184700000292e-26 8.186420700800000008e-26 7.262786368300000191e-26 6.773442124299999657e-26 6.551387719599999730e-26 6.204139274500000308e-26 5.780420011900000373e-26 5.596707748899999667e-26 4.732300289399999841e-26 1.953078284100000032e-26 -1.565326502199999922e-24 -4.323328742199999929e-24 2.702331647800000073e-24 5.048433820400000141e-24 -8.500370906399999812e-25 2.806050133500000046e-24 2.503374131200000161e-24 8.986258812400000672e-25 1.842646016399999946e-24 3.048429959300000054e-24 6.854619861399999544e-24 5.212826840999999861e-24 3.525238867299999713e-24 5.542098430000000573e-26 -3.411121505800000085e-24 -3.034274064000000020e-24 -9.974210421300000542e-25 1.981185996099999898e-24 2.244691481099999982e-24
2.116382115899999961e-23 1.326987916099999985e-23 8.219774093799999839e-24 4.577054617100000133e-24 3.189394561600000007e-24 2.820289323699999881e-24 2.445061634200000157e-24 1.981678243899999899e-24 1.995053682700000173e-24 1.405361904999999997e-24 -8.838445979199999569e-24 -6.661191926199999863e-23 -7.125255362099999608e-22 -4.397547418699999791e-21 -4.420757040200000444e-19 5.161567091399999787e-17 -4.613442678099999612e-19 -4.667886836899999634e-21 -8.083368813799999572e-22 -7.711138883100000561e-23 -1.162369929000000028e-23 -6.298222067100000113e-25 2.352671881900000064e-25 2.125569019200000165e-25 1.957613813500000032e-25 1.590509328899999987e-25 1.253834448700000061e-25 1.136000073300000012e-25 1.060999880599999983e-25 9.165320204599999708e-26 8.062426900199999609e-26 7.556276933599999594e-26 6.925297484999999797e-26 6.243501637400000177e-26 5.974462732300000292e-26 5.818051296199999681e-26 5.498430177900000457e-26 4.680397189300000115e-26 2.703641604600000237e-26 -9.283061441199999884e-27 -1.016714366399999945e-24 3.060097847199999898e-24 4.885423765899999924e-24 -1.108270519199999996e-24 3.960092452299999706e-24 4.347746722300000300e-24 2.333665350600000142e-24 9.919873188799999345e-25 -3.548738373100000054e-25 1.236676397500000084e-24 2.587432610100000121e-24 6.339647703000000110e-24 4.829283713900000116e-24 3.251351782899999981e-24 -4.859986919299999872e-26 -3.356902698400000066e-24 -2.984564628399999905e-24 -1.019895601000000026e-24 1.866601376699999924e-24
2.164315170099999871e-23 1.028427439799999991e-23 5.944207684299999868e-24 4.006360581400000293e-24 2.733335905699999837e-24 1.970271806100000155e-24 1.810408570400000137e-24 1.645986009399999987e-24 1.387816834200000015e-24 1.394413298800000032e-24 6.919688241800000277e-25 -9.680939033900000511e-24 -6.938679406799999882e-23 -7.479670585699999934e-22 -4.520080040499999723e-21 -4.613442678099999612e-19 5.367435140799999959e-17 -4.759788617499999947e-19 -4.936843617000000126e-21 -8.191180481900000287e-22 -7.576056528099999581e-23 -1.177074018399999935e-23 -7.598581675799999777e-25 1.740228366299999916e-25 1.715146875000000112e-25 1.620553640900000038e-25 1.329313012499999967e-25 1.051118944100000056e-25 9.533500679800000140e-26 8.957274585399999817e-26 7.771773110600000558e-26 6.833661066299999815e-26 6.473760517900000018e-26 6.042220683899999469e-26 5.492339167000000093e-26 5.302109330999999621e-26 4.972735739199999990e-26 3.936780248999999991e-26 2.146434962900000035e-26 7.253377253199999822e-27 -3.057727773600000224e-25 4.161830304599999884e-24 -6.760173825099999723e-25 3.828420947699999667e-24 4.000704598599999902e-24 3.447537283500000148e-24 2.790899351300000041e-24 1.047336029599999986e-24 4.338409713300000057e-25 -6.691882602699999611e-25 9.573847014800000070e-25 2.313598460099999904e-24 5.959462669999999664e-24 4.538412465800000189e-24 3.042581431799999904e-24 -1.137770569700000102e-25 -3.284988738800000052e-24 -2.921565963299999965e-24 -1.011600734299999986e-24
1.763222218100000044e-23 8.458023529000000568e-24 4.665132187799999989e-24 3.177054192299999962e-24 2.385829642400000137e-24 1.662888976100000011e-24 1.316335851199999984e-24 1.253169613399999919e-24 1.150836446400000056e-24 9.898931403600000090e-25 1.002995510399999998e-24 2.377173089000000129e-25 -1.039197307099999942e-23 -7.234795902899999754e-23 -7.668909116599999842e-22 -4.667886836899999634e-21 -4.759788617499999947e-19 5.385739561299999786e-17 -4.867047755700000347e-19 -4.840732348100000214e-21 -7.862152780299999616e-22 -7.533252861099999773e-23 -1.223054558600000048e-23 -8.809346246199999103e-25 1.268462252099999892e-25 1.400581866700000057e-25 1.355382846800000073e-25 1.116748867099999962e-25 8.904224953100000321e-26 8.109112463099999860e-26 7.615256436899999628e-26 6.666935860799999655e-26 5.940130464199999731e-26 5.636231618300000249e-26 5.275432933900000538e-26 4.713962478200000248e-26 4.210549651600000139e-26 3.683622812600000098e-26 3.411437470600000114e-26 3.248526875499999767e-26 3.220905967399999913e-25 -4.480968992800000253e-24 3.156958507900000121e-24 4.328841213900000107e-24 3.327807681299999857e-24 2.484685893400000093e-24 2.140952034699999846e-24 2.173000277500000069e-24 6.847236899599999903e-25 1.917150360199999891e-25 -8.126230018400000341e-25 7.900512357399999980e-25 2.121453705699999993e-24 5.651999003599999866e-24 4.301386067799999880e-24 2.873304049500000122e-24 -1.566526149799999946e-25 -3.205719521200000164e-24 -2.861307575200000000e-24
1.117187974399999980e-23 6.941798316399999478e-24 4.256527431299999888e-24 2.505337741800000032e-24 1.867476648799999967e-24 1.506792837999999996e-24 1.141150465400000022e-24 9.070816799799999522e-25 8.812675004700000740e-25 8.410762732800000845e-25 7.302569731800000259e-25 7.294400720499999576e-25 -1.221290548100000105e-25 -1.129529532500000038e-23 -7.601944452300000044e-23 -8.083368813799999572e-22 -4.936843617000000126e-21 -4.867047755700000347e-19 5.563285617100000014e-17 -4.856039444500000108e-19 -4.660438259900000101e-21 -7.860326400500000410e-22 -7.896522033499999620e-23 -1.297139687899999993e-23 -1.002337472399999948e-24 8.550789707100000574e-26 1.136370729400000114e-25 1.144435410500000082e-25 9.495546457999999544e-26 7.589658796600000192e-26 6.970429989999999808e-26 6.612135228299999809e-26 5.795024671500000060e-26 5.153650154700000244e-26 4.819676033500000261e-26 4.289248660000000122e-26 3.722399182500000081e-26 3.875221226199999971e-26 4.592870032500000266e-26 6.489342978299999661e-26 -4.219755238100000001e-25 3.495025816999999974e-25 5.882220112600000069e-25 2.687518547099999956e-24 2.824886939700000021e-24 2.046745612599999864e-24 1.888140185599999850e-24 1.743447397499999993e-24 1.870294800499999918e-24 4.937766923000000217e-25 5.634414465900000069e-26 -8.865055246299999330e-25 6.767939497799999899e-25 1.974335892000000118e-24 5.391173995200000327e-24 4.100067756800000180e-24 2.730604898799999954e-24 -1.857769287299999887e-25 -3.147672056500000158e-24
9.777508126699999756e-24 5.576267807699999927e-24 3.513356062000000219e-24 2.204574553699999835e-24 1.548311873699999979e-24 1.223178637300000054e-24 1.014916109100000073e-24 7.855586085799999979e-25 6.563797673500000382e-25 6.503768450100000302e-25 6.216002369400000231e-25 5.498370476300000268e-25 5.442315696600000152e-25 -3.777402364699999787e-25 -1.167112036299999996e-23 -7.711138883100000561e-23 -8.191180481900000287e-22 -4.840732348100000214e-21 -4.856039444500000108e-19 5.569085349200000169e-17 -4.730747570500000386e-19 -4.743321067900000108e-21 -8.196255562200000092e-22 -8.325906990800000518e-23 -1.365334850899999973e-23 -1.118343831000000014e-24 5.012853724800000103e-26 9.230487219800000097e-26 9.716369682400000048e-26 8.146476375099999540e-26 6.589558692299999565e-26 6.059863389800000003e-26 5.741527333299999831e-26 4.977851827399999937e-26 4.254456412400000113e-26 3.901018461399999739e-26 3.786086400300000187e-26 3.908539780300000284e-26 4.918114403399999902e-26 3.904962426800000093e-26 8.229573517100000188e-25 1.504202147599999931e-24 1.119631451700000005e-26 -7.561761628300000168e-25 1.448124764800000000e-24 2.225145302800000159e-24 1.658321972400000183e-24 1.600015505300000042e-24 1.517452342099999965e-24 1.677218563600000178e-24 3.748500232499999958e-25 -2.846098497900000116e-26 -9.253274822500000420e-25 5.943198805100000023e-25 1.855512213999999952e-24 5.163472642400000059e-24 3.924465718799999677e-24 2.607052289200000069e-24 -2.317518965600000012e-25
1.012058235200000032e-23 4.774617276500000302e-24 2.738420943900000165e-24 1.927485565400000128e-24 1.406830546499999983e-24 9.949054440900000502e-25 8.248082673099999778e-25 7.166223515900000204e-25 5.712356190299999905e-25 4.827585332199999807e-25 4.878801223699999701e-25 4.784424498500000192e-25 4.243795267499999969e-25 4.101730014599999873e-25 -5.102386007499999744e-25 -1.162369929000000028e-23 -7.576056528099999581e-23 -7.862152780299999616e-22 -4.660438259900000101e-21 -4.730747570500000386e-19 5.171395603100000018e-17 -4.534480310199999865e-19 -4.791494854999999931e-21 -8.257900575399999578e-22 -8.455072837299999885e-23 -1.420920518100000049e-23 -1.225746918599999952e-24 2.006401855399999981e-26 7.412830412500000505e-26 8.365405620099999628e-26 7.058571917299999528e-26 5.720030633800000147e-26 5.233365993600000402e-26 4.852127948699999842e-26 4.139337306100000140e-26 3.687918275299999974e-26 3.709168321299999881e-26 3.871514961200000262e-26 3.400958978600000256e-26 5.794118857599999634e-26 1.315379612799999995e-24 4.618379076300000129e-24 1.200091645599999957e-25 -1.114336260599999954e-24 -1.221030232399999994e-24 1.085463394600000031e-24 1.929497582899999836e-24 1.438172632299999953e-24 1.418762975500000029e-24 1.364944506700000003e-24 1.538170797699999973e-24 2.937453809699999877e-25 -8.516484360599999548e-26 -9.443453278900000427e-25 5.312323593700000156e-25 1.756061886000000114e-24 4.960904851299999950e-24 3.768559808299999656e-24 2.496265356700000046e-24
8.199955958800000406e-24 4.346599691500000205e-24 2.498902284899999841e-24 1.592484837499999995e-24 1.197450668199999920e-24 8.970757288800000780e-25 6.935687800900000086e-25 5.873304030700000439e-25 5.152520185499999697e-25 4.261022088399999701e-25 3.704527655000000040e-25 3.766252019200000203e-25 3.721891271900000218e-25 3.336483079200000128e-25 3.140001860699999912e-25 -6.298222067100000113e-25 -1.177074018399999935e-23 -7.533252861099999773e-23 -7.860326400500000410e-22 -4.743321067900000108e-21 -4.534480310199999865e-19 4.946333388299999900e-17 -4.531091069400000455e-19 -4.804102328199999901e-21 -8.382266482099999697e-22 -8.819852326600000043e-23 -1.520674948400000103e-23 -1.384774787699999997e-24 -1.252351967099999986e-26 5.767409053799999822e-26 7.204645351400000245e-26 6.097215026499999662e-26 4.869523051799999853e-26 4.435630526800000210e-26 4.249348344899999903e-26 3.800989715799999792e-26 3.454603132099999829e-26 3.034133184600000052e-26 3.761813493999999897e-26 4.499059316000000253e-26 1.403760073299999970e-24 6.006333825500000067e-24 3.308195895099999923e-24 -3.683418366800000184e-25 -1.382956227199999961e-24 -1.395536945599999993e-24 8.869802204700000121e-25 1.739745747800000160e-24 1.290064276099999993e-24 1.289921423499999986e-24 1.252084737400000014e-24 1.430649143900000061e-24 2.351369404199999851e-25 -1.246678757899999903e-25 -9.513727493899999567e-25 4.812319862399999932e-25 1.670734483199999929e-24 4.778414184900000321e-24 3.648776102299999856e-24
6.627130584900000495e-24 3.920335636499999746e-24 2.375566488500000095e-24 1.388925772900000078e-24 9.862976109899999376e-25 7.912864578599999628e-25 6.267461779900000397e-25 4.878538368900000340e-25 4.294622455599999949e-25 3.916809468500000012e-25 3.260492298700000024e-25 2.868199073199999795e-25 2.976371292300000058e-25 2.968493745700000124e-25 2.644094841099999830e-25 2.352671881900000064e-25 -7.598581675799999777e-25 -1.223054558600000048e-23 -7.896522033499999620e-23 -8.196255562200000092e-22 -4.791494854999999931e-21 -4.531091069400000455e-19 5.177755503000000102e-17 -4.756043543700000157e-19 -5.045996036700000150e-21 -9.066704364899999589e-22 -9.692594369899999561e-23 -1.715448749000000091e-23 -1.662282874799999961e-24 -5.057347519799999823e-26 4.189686611299999991e-26 6.125496050700000453e-26 5.204255926799999725e-26 4.256967796299999893e-26 4.021557726200000162e-26 3.900901234299999751e-26 3.182994356100000060e-26 2.984080037599999795e-26 3.100549534900000047e-26 3.894622992000000004e-26 7.675417139399999817e-25 7.250159895700000469e-24 5.278409799600000106e-24 2.893942448500000183e-24 -5.683897735199999912e-25 -1.496077149700000017e-24 -1.473882989999999997e-24 7.581462771599999908e-25 1.602273471700000004e-24 1.180780522799999941e-24 1.191481460099999958e-24 1.163574709700000057e-24 1.343546644000000041e-24 1.910388622400000023e-25 -1.529314852499999923e-25 -9.508081360599999946e-25 4.405639285700000322e-25 1.596251468999999914e-24 4.642087951499999723e-24
6.870878626100000714e-24 3.525162810400000210e-24 2.043830277700000136e-24 1.292141469600000064e-24 8.949923683199999879e-25 6.580817690300000347e-25 5.437887481900000426e-25 4.474820706499999567e-25 3.656277743299999858e-25 3.260433688699999800e-25 2.990131901900000001e-25 2.564182421099999786e-25 2.292518731700000076e-25 2.376090769200000193e-25 2.391793141800000221e-25 2.125569019200000165e-25 1.740228366299999916e-25 -8.809346246199999103e-25 -1.297139687899999993e-23 -8.325906990800000518e-23 -8.257900575399999578e-22 -4.804102328199999901e-21 -4.756043543700000157e-19 5.582353574999999485e-17 -5.141295049000000447e-19 -5.599306059399999920e-21 -1.014534044600000036e-21 -1.110269474100000047e-22 -2.026984230400000091e-23 -2.021646045499999983e-24 -9.083957807499999946e-26 2.544479643499999969e-26 5.272610921800000391e-26 4.641188978600000133e-26 3.832411089699999808e-26 3.447693307300000036e-26 3.450509557900000135e-26 2.962549595499999893e-26 2.360795283199999916e-26 1.885062516099999960e-26 5.279077973100000370e-25 4.568225209099999896e-24 6.680256967299999357e-24 4.894804210299999888e-24 2.643232211900000170e-24 -6.716970508200000293e-25 -1.546195450399999974e-24 -1.508012668599999919e-24 6.664082311599999721e-25 1.495371775900000066e-24 1.095309509399999935e-24 1.112602451899999925e-24 1.091348168799999966e-24 1.270652703799999958e-24 1.568545838399999985e-25 -1.734937725899999944e-25 -9.452489468000000251e-25 4.069026674199999948e-25 1.568117537699999952e-24
6.655289145200000580e-24 3.237132949600000005e-24 1.797110472099999940e-24 1.167347574199999924e-24 8.312429200199999784e-25 5.827490742099999659e-25 4.616741697700000144e-25 3.983057634799999975e-25 3.329765630499999797e-25 2.771562452799999970e-25 2.535342610300000099e-25 2.366984065700000214e-25 2.041093239799999959e-25 1.845281350400000113e-25 1.937771130099999947e-25 1.957613813500000032e-25 1.715146875000000112e-25 1.268462252099999892e-25 -1.002337472399999948e-24 -1.365334850899999973e-23 -8.455072837299999885e-23 -8.382266482099999697e-22 -5.045996036700000150e-21 -5.141295049000000447e-19 6.002764062200000340e-17 -5.650119613600000165e-19 -6.250943178199999827e-21 -1.153191964600000072e-21 -1.310720424199999910e-22 -2.403810940500000068e-23 -2.430873122900000103e-24 -1.388716671600000064e-25 8.964177281499999859e-27 4.594807091400000140e-26 3.987384022700000115e-26 3.341108731999999814e-26 3.148981032400000259e-26 2.930471310600000090e-26 2.125568633200000104e-26 1.191516730600000071e-26 -1.773945290500000070e-25 2.703262636500000006e-24 4.193068870499999983e-24 6.310001678799999879e-24 4.619059883299999855e-24 2.463858225400000060e-24 -7.297068626099999755e-25 -1.564811400999999932e-24 -1.518568914000000048e-24 5.971066164100000341e-25 1.408320492899999927e-24 1.025740749399999992e-24 1.047240267299999928e-24 1.030692522100000033e-24 1.208178067600000089e-24 1.297397505499999917e-25 -1.885803592400000064e-25 -9.364202193300000508e-25 3.910169349700000204e-25
5.389523645899999781e-24 2.973706598500000113e-24 1.727643642499999966e-24 1.032223731999999964e-24 7.313537188100000198e-25 5.498335775500000048e-25 4.203638988500000192e-25 3.367955582300000005e-25 2.953195918700000148e-25 2.568436970000000061e-25 2.175742357799999897e-25 2.000073392500000000e-25 1.892931281100000105e-25 1.660702016000000000e-25 1.511532045200000077e-25 1.590509328899999987e-25 1.620553640900000038e-25 1.400581866700000057e-25 8.550789707100000574e-26 -1.118343831000000014e-24 -1.420920518100000049e-23 -8.819852326600000043e-23 -9.066704364899999589e-22 -5.599306059399999920e-21 -5.650119613600000165e-19 6.664375433899999847e-17 -6.345222436900000283e-19 -7.167589675799999302e-21 -1.364441716799999980e-21 -1.555535709000000001e-22 -2.868099416600000161e-23 -3.008133567600000082e-24 -2.041375794999999894e-25 -1.170802391099999992e-26 3.863719749799999885e-26 3.519572962599999854e-26 2.744701737400000266e-26 2.445209384200000047e-26 2.300793529100000119e-26 1.287194942700000037e-26 -4.380492312399999639e-25 -6.104979845699999641e-25 2.461275501200000022e-24 3.940088491500000205e-24 6.018104531600000130e-24 4.399174371499999691e-24 2.323813302100000160e-24 -7.629437147599999720e-25 -1.565872479100000013e-24 -1.515474788299999954e-24 5.425532647700000086e-25 1.335122159500000067e-24 9.674551825100000135e-25 9.917195649299999142e-25 9.786416277799999796e-25 1.153654963399999974e-24 1.078393075599999953e-25 -1.996917880799999941e-25 -9.224184181400000150e-25
