2.024049884499999847e-14 -3.301797872000000057e-16 -6.771620761100000058e-17 -1.908308128000000128e-17 -6.086280585100000264e-18 -5.571638743599999625e-18 -4.355580866999999832e-18 -2.092364746499999813e-18 -1.232772819300000053e-18 -1.239392697500000017e-18 -8.614343090600000381e-19 -4.390205159899999883e-19 -4.626371278300000046e-19 -5.284705572799999651e-19 -3.818713568699999872e-19 -2.953839494000000034e-19 -3.328391423700000014e-19 -2.953201456999999839e-19 -2.010382243799999914e-19 -1.887104261299999953e-19 -2.108878287199999905e-19 -1.824347875000000068e-19 -1.559598809699999960e-19 -1.732415265400000065e-19 -1.788607557900000035e-19 -1.522712511899999984e-19 -1.419748218099999894e-19 -1.513566794700000069e-19 -1.416732371600000039e-19 -1.231176824500000038e-19 -1.263576501099999920e-19 -1.327713090500000040e-19 -1.215666299899999973e-19 -1.144859964400000078e-19 -1.211769772899999951e-19 -1.194909444100000054e-19 -1.094022846399999951e-19 -1.084618140399999930e-19 -1.111686749399999919e-19 -1.062779296999999989e-19 -1.015871458700000046e-19 -1.043416919699999952e-19 -1.050567969000000038e-19 -9.941845148900000362e-20 -9.658888196199999941e-20 -9.818072781000000254e-20 -9.659442598699999680e-20 -9.262388660199999564e-20 -9.329151349100000429e-20 -9.488420537899999399e-20 -9.242784449699999416e-20 -9.078860600799999707e-20 -9.195086567000000177e-20 -9.075837845199999429e-20 -8.748053092899999500e-20 -8.704136408999999411e-20 -8.836869073500000425e-20 -8.824542101099999804e-20 -8.968056095900000076e-20
-3.301797872000000057e-16 3.407989489599999873e-15 -6.913764735399999505e-17 -1.634718032100000017e-17 -5.800135047000000231e-18 -2.468496249499999987e-18 -1.754377983500000066e-18 -1.304618144299999916e-18 -7.953738449499999857e-19 -4.875056150299999908e-19 -3.884530851799999891e-19 -3.169290785900000004e-19 -2.310842103100000142e-19 -1.959431858399999913e-19 -1.939809015599999963e-19 -1.707792506000000094e-19 -1.385612728200000103e-19 -1.244130347200000119e-19 -1.150075072800000109e-19 -9.798103791099999523e-20 -8.687808813499999871e-20 -8.639787671300000207e-20 -8.470146926399999596e-20 -7.904194974000000280e-20 -7.626380667999999474e-20 -7.584632572199999673e-20 -7.202108570800000540e-20 -6.668100096500000056e-20 -6.453469107899999700e-20 -6.357435769099999849e-20 -6.050006347999999493e-20 -5.822675361299999769e-20 -5.836472070900000289e-20 -5.751405016500000296e-20 -5.511538069800000477e-20 -5.424263636099999965e-20 -5.390549626600000126e-20 -5.211946923499999961e-20 -5.053998853399999959e-20 -5.017740173899999820e-20 -4.981700399199999909e-20 -4.873811190899999841e-20 -4.796174995699999921e-20 -4.759340246099999945e-20 -4.668914356600000297e-20 -4.552386949600000280e-20 -4.496102736499999758e-20 -4.486277286899999836e-20 -4.425235452599999786e-20 -4.374135126400000257e-20 -4.380150120599999735e-20 -4.352971992300000264e-20 -4.277874768700000027e-20 -4.227444551200000020e-20 -4.197247155000000196e-20 -4.146704971999999930e-20 -4.119841432700000172e-20 -4.158287706999999782e-20 -4.286383083799999774e-20
-6.771620761100000058e-17 -6.913764735399999505e-17 1.381211271600000014e-15 -3.060950686299999799e-17 -8.168912486400000034e-18 -2.846702921399999936e-18 -1.212149082800000065e-18 -9.709342450200000757e-19 -7.171668430799999645e-19 -4.033555110099999850e-19 -2.758502161999999968e-19 -2.513380860600000189e-19 -1.902247000900000015e-19 -1.341532267300000065e-19 -1.293220250300000053e-19 -1.252740589700000011e-19 -9.878969434600000042e-20 -8.365508001000000594e-20 -8.340150361600000156e-20 -7.441635415500000391e-20 -6.146347584099999805e-20 -5.982278117399999952e-20 -6.105945178999999853e-20 -5.561921971100000464e-20 -5.150679294400000104e-20 -5.261444277799999895e-20 -5.123707836299999979e-20 -4.641918626700000243e-20 -4.481106831300000208e-20 -4.523733951199999980e-20 -4.292106290099999921e-20 -4.027531218399999782e-20 -4.058557120500000073e-20 -4.058452048200000007e-20 -3.848492824899999864e-20 -3.735395134900000257e-20 -3.768361964400000227e-20 -3.679686482600000064e-20 -3.519581477800000016e-20 -3.502450491299999904e-20 -3.506202520699999843e-20 -3.397534237700000178e-20 -3.308841455099999922e-20 -3.317347022900000286e-20 -3.283212802399999826e-20 -3.177489284300000185e-20 -3.138582457600000225e-20 -3.145051063500000013e-20 -3.100278243400000010e-20 -3.043767606500000094e-20 -3.045485173200000160e-20 -3.036329046700000278e-20 -2.973709244200000176e-20 -2.938982777799999742e-20 -2.941883943400000236e-20 -2.915306807699999888e-20 -2.878720812099999700e-20 -2.905393377999999933e-20 -2.928937926799999823e-20
-1.908308128000000128e-17 -1.634718032100000017e-17 -3.060950686299999799e-17 7.711113498299999567e-16 -1.817921364199999951e-17 -5.018996420800000039e-18 -1.836804312899999892e-18 -8.050461719999999979e-19 -6.208532696000000195e-19 -4.791564405200000021e-19 -2.957594876899999955e-19 -1.979539447500000078e-19 -1.738327189100000047e-19 -1.424944779799999912e-19 -1.040101261600000059e-19 -9.130010183100000454e-20 -8.961920308699999730e-20 -7.715820736799999936e-20 -6.476343163399999451e-20 -6.188876676000000483e-20 -5.866529548000000285e-20 -5.116611193000000169e-20 -4.705616684199999845e-20 -4.700407529000000276e-20 -4.509939255999999829e-20 -4.167565677199999951e-20 -4.053547468099999993e-20 -4.039705455399999957e-20 -3.828471905599999970e-20 -3.604894287300000218e-20 -3.561027139800000130e-20 -3.506046075100000271e-20 -3.328217006299999906e-20 -3.238762420000000051e-20 -3.245061748400000201e-20 -3.158319365499999869e-20 -3.038373924800000077e-20 -3.016385110699999851e-20 -3.000628444700000097e-20 -2.910832505100000217e-20 -2.839936321000000082e-20 -2.819016898599999837e-20 -2.779326214000000157e-20 -2.712333942999999812e-20 -2.679871239099999942e-20 -2.671588630700000024e-20 -2.625998578500000095e-20 -2.574416514900000142e-20 -2.561693652599999890e-20 -2.550486713200000046e-20 -2.504955395200000094e-20 -2.473499901300000130e-20 -2.470022489900000144e-20 -2.448984973300000067e-20 -2.420234433800000110e-20 -2.413423365100000089e-20 -2.418035545600000035e-20 -2.377897405700000008e-20 -1.973466952100000019e-20
-6.086280585100000264e-18 -5.800135047000000231e-18 -8.168912486400000034e-18 -1.817921364199999951e-17 5.314281823299999535e-16 -1.294565314499999935e-17 -3.690133055399999799e-18 -1.345217322499999982e-18 -6.070877326899999653e-19 -4.937530585999999699e-19 -3.761079694699999791e-19 -2.299775363099999992e-19 -1.639383236599999894e-19 -1.450815658600000101e-19 -1.128430661200000067e-19 -8.403495093099999984e-20 -7.901302867099999924e-20 -7.600837550000000082e-20 -6.405353730399999426e-20 -5.688113422900000152e-20 -5.581176070400000199e-20 -5.079148501500000171e-20 -4.416358041700000212e-20 -4.247976856399999864e-20 -4.195331733600000149e-20 -3.888203857700000273e-20 -3.687020692799999999e-20 -3.698765008000000056e-20 -3.595630538700000008e-20 -3.368564104899999917e-20 -3.279403932499999896e-20 -3.249501940400000038e-20 -3.114605105800000108e-20 -2.979449819300000031e-20 -2.957557270900000231e-20 -2.928559100399999834e-20 -2.823031455999999910e-20 -2.766077495799999810e-20 -2.766544488499999820e-20 -2.705733330800000011e-20 -2.615310392100000091e-20 -2.588488313000000001e-20 -2.567547980899999955e-20 -2.504849621599999910e-20 -2.464487106100000062e-20 -2.461808239500000026e-20 -2.435348972199999997e-20 -2.384971563700000137e-20 -2.360298543800000096e-20 -2.345301442300000062e-20 -2.309740992300000146e-20 -2.275681947600000042e-20 -2.268973643899999993e-20 -2.262965933800000141e-20 -2.239221143999999926e-20 -2.233231510099999918e-20 -2.212432149200000026e-20 -1.856427053399999854e-20 -1.586676954100000033e-20
-5.571638743599999625e-18 -2.468496249499999987e-18 -2.846702921399999936e-18 -5.018996420800000039e-18 -1.294565314499999935e-17 3.994464995099999870e-16 -9.955509231900000623e-18 -2.893898138600000155e-18 -1.083960589600000087e-18 -4.919658805400000407e-19 -3.990814640500000004e-19 -3.136546523299999898e-19 -1.951665602099999925e-19 -1.347995296500000043e-19 -1.208089383700000049e-19 -9.875055435100000165e-20 -7.362510937700000142e-20 -6.774300575500000021e-20 -6.761078791100000221e-20 -5.878176873699999426e-20 -5.072380860800000040e-20 -4.927951041800000162e-20 -4.648386249100000222e-20 -4.054941852800000181e-20 -3.781371261400000288e-20 -3.800684519200000142e-20 -3.633793171300000239e-20 -3.387054817299999848e-20 -3.347475168999999888e-20 -3.339212201099999959e-20 -3.153908311099999745e-20 -3.001275279500000144e-20 -2.982921991799999955e-20 -2.912860727699999863e-20 -2.770365036200000068e-20 -2.721508654399999948e-20 -2.731293610000000257e-20 -2.658385206300000065e-20 -2.569434689100000131e-20 -2.554334894600000052e-20 -2.529166415000000008e-20 -2.449702654699999982e-20 -2.400919128900000083e-20 -2.395062435000000040e-20 -2.362568332899999909e-20 -2.311797861800000054e-20 -2.298000901399999942e-20 -2.290262230299999980e-20 -2.243668727100000029e-20 -2.200187049699999932e-20 -2.189945008600000034e-20 -2.175805693700000032e-20 -2.144226027999999921e-20 -2.133148481999999930e-20 -2.143016470299999931e-20 -2.108372295700000149e-20 -1.790390369600000021e-20 -1.553085498700000025e-20 -1.417392001800000097e-20
-4.355580866999999832e-18 -1.754377983500000066e-18 -1.212149082800000065e-18 -1.836804312899999892e-18 -3.690133055399999799e-18 -9.955509231900000623e-18 3.210600711299999796e-16 -8.134371964100000450e-18 -2.397193977200000153e-18 -9.024569135400000870e-19 -4.193206757000000032e-19 -3.435457573300000035e-19 -2.660725952999999918e-19 -1.669759617599999985e-19 -1.200040416399999963e-19 -1.070497405700000047e-19 -8.654244251299999982e-20 -6.714548464700000492e-20 -6.321089773799999678e-20 -6.122581260200000517e-20 -5.308169177999999734e-20 -4.742418843799999994e-20 -4.585936732699999947e-20 -4.222233213499999849e-20 -3.764296381600000247e-20 -3.611495131100000152e-20 -3.558791572000000201e-20 -3.367813536100000135e-20 -3.224710026600000036e-20 -3.197133085200000090e-20 -3.119764437199999970e-20 -2.963843152499999870e-20 -2.871015150999999994e-20 -2.829950510000000207e-20 -2.740856725499999758e-20 -2.647265944399999897e-20 -2.619974481400000038e-20 -2.591855526199999916e-20 -2.513769797799999980e-20 -2.459934979800000065e-20 -2.444502009100000013e-20 -2.398811485099999861e-20 -2.339802275599999874e-20 -2.315974964700000085e-20 -2.296059638100000102e-20 -2.257021709199999986e-20 -2.225856129500000031e-20 -2.210560561899999952e-20 -2.183380047400000136e-20 -2.144611109499999884e-20 -2.121077448999999915e-20 -2.109644810299999965e-20 -2.092057365700000147e-20 -2.077975159500000084e-20 -2.055714000399999889e-20 -1.782195726100000088e-20 -1.550955824400000058e-20 -1.406023694500000118e-20 -1.316676116700000000e-20
-2.092364746499999813e-18 -1.304618144299999916e-18 -9.709342450200000757e-19 -8.050461719999999979e-19 -1.345217322499999982e-18 -2.893898138600000155e-18 -8.134371964100000450e-18 2.680462152999999844e-16 -6.870403219200000244e-18 -2.050442946500000070e-18 -7.799468898200000325e-19 -3.609417600499999907e-19 -2.982270539599999950e-19 -2.358376647499999799e-19 -1.487040610200000115e-19 -1.063531310200000018e-19 -9.725214441899999870e-20 -8.032805826699999952e-20 -6.151727514799999550e-20 -5.763805633999999428e-20 -5.715719488100000368e-20 -4.967099717199999982e-20 -4.356037655600000285e-20 -4.274168215299999850e-20 -4.031254216399999744e-20 -3.560130094500000189e-20 -3.383290745599999939e-20 -3.404064886399999902e-20 -3.240524355899999982e-20 -3.048599941900000019e-20 -3.030498753599999995e-20 -2.999462774500000249e-20 -2.837366691299999777e-20 -2.729378069999999834e-20 -2.721947467999999975e-20 -2.656703478999999898e-20 -2.539313009299999969e-20 -2.502229632500000005e-20 -2.499604613700000099e-20 -2.427753843499999917e-20 -2.358058080899999991e-20 -2.354415907899999941e-20 -2.331087816800000042e-20 -2.264724687999999913e-20 -2.233888746700000149e-20 -2.228527626699999869e-20 -2.190688895899999994e-20 -2.144105381600000121e-20 -2.132509474600000028e-20 -2.121759203699999956e-20 -2.084852738000000063e-20 -2.058906979700000097e-20 -2.061083078300000126e-20 -2.034159072200000013e-20 -1.762835223399999977e-20 -1.557270985699999860e-20 -1.432436240200000044e-20 -1.321001321699999927e-20 -1.242818765500000039e-20
-1.232772819300000053e-18 -7.953738449499999857e-19 -7.171668430799999645e-19 -6.208532696000000195e-19 -6.070877326899999653e-19 -1.083960589600000087e-18 -2.397193977200000153e-18 -6.870403219200000244e-18 2.303413876900000169e-16 -5.959188303199999635e-18 -1.788989977800000189e-18 -6.841635991299999752e-19 -3.215570743100000240e-19 -2.663714925700000137e-19 -2.103483084400000061e-19 -1.351884510800000048e-19 -9.863108857899999692e-20 -8.899594675199999589e-20 -7.349424850700000325e-20 -5.784411216400000529e-20 -5.414458678700000025e-20 -5.271010183400000119e-20 -4.651500824099999767e-20 -4.177980151499999865e-20 -4.046224491599999872e-20 -3.789091845400000070e-20 -3.427004823400000026e-20 -3.274188468199999881e-20 -3.233370354499999743e-20 -3.091429026599999865e-20 -2.953449264200000236e-20 -2.916402487600000176e-20 -2.865259856499999805e-20 -2.745636117000000012e-20 -2.661444502900000060e-20 -2.623675512499999855e-20 -2.552620629099999922e-20 -2.467008719100000070e-20 -2.431869504900000112e-20 -2.409718641099999996e-20 -2.353831913299999952e-20 -2.306995795700000120e-20 -2.291441443900000044e-20 -2.261470109799999973e-20 -2.212683940900000119e-20 -2.182122947400000150e-20 -2.160068306600000025e-20 -2.127582172299999882e-20 -2.097826260900000131e-20 -2.085511082899999896e-20 -2.071394222200000080e-20 -2.049142289099999953e-20 -2.015000957400000114e-20 -1.776149222799999997e-20 -1.578823567800000120e-20 -1.442959042500000117e-20 -1.342513309399999956e-20 -1.263452132400000022e-20 -1.199293295299999949e-20
-1.239392697500000017e-18 -4.875056150299999908e-19 -4.033555110099999850e-19 -4.791564405200000021e-19 -4.937530585999999699e-19 -4.919658805400000407e-19 -9.024569135400000870e-19 -2.050442946500000070e-18 -5.959188303199999635e-18 2.021204363899999969e-16 -5.262988114899999916e-18 -1.592594418800000072e-18 -6.123639352000000476e-19 -2.883805992399999808e-19 -2.417931177099999913e-19 -1.929261324100000109e-19 -1.237859080399999881e-19 -9.050791261099999836e-20 -8.306919211300000386e-20 -6.882393415399999430e-20 -5.364306523600000061e-20 -5.084049907300000049e-20 -5.030610140699999815e-20 -4.410468472900000040e-20 -3.943247957499999906e-20 -3.886133510100000056e-20 -3.658532649799999775e-20 -3.270019433700000158e-20 -3.136774893300000047e-20 -3.134577175000000072e-20 -2.984738570200000128e-20 -2.836366378100000074e-20 -2.829338118799999846e-20 -2.796028993300000172e-20 -2.656572814799999928e-20 -2.568335235199999912e-20 -2.554211591199999951e-20 -2.487579648399999918e-20 -2.390006050100000124e-20 -2.367031386400000019e-20 -2.362672844000000002e-20 -2.299521955500000071e-20 -2.248211414299999885e-20 -2.245281367399999889e-20 -2.215412914899999859e-20 -2.154153641400000016e-20 -2.128086831899999869e-20 -2.119958590799999854e-20 -2.088254256300000127e-20 -2.056753906799999959e-20 -2.056415533100000054e-20 -2.033493094700000050e-20 -1.785486969400000138e-20 -1.591405003399999977e-20 -1.477185281099999873e-20 -1.376340474400000066e-20 -1.280652284599999938e-20 -1.209834507800000023e-20 -1.168401127700000036e-20
-8.614343090600000381e-19 -3.884530851799999891e-19 -2.758502161999999968e-19 -2.957594876899999955e-19 -3.761079694699999791e-19 -3.990814640500000004e-19 -4.193206757000000032e-19 -7.799468898200000325e-19 -1.788989977800000189e-18 -5.262988114899999916e-18 1.801412026299999975e-16 -4.717682839399999667e-18 -1.434086130099999979e-18 -5.553720967700000404e-19 -2.643568101699999958e-19 -2.212414216099999853e-19 -1.768415249599999886e-19 -1.151416382000000087e-19 -8.464583102599999607e-20 -7.699051710299999893e-20 -6.450106264799999801e-20 -5.131899314899999807e-20 -4.824050701099999954e-20 -4.743424177500000270e-20 -4.233649266500000168e-20 -3.811317371699999817e-20 -3.705376911499999853e-20 -3.502197462299999799e-20 -3.177037384300000188e-20 -3.035625398100000024e-20 -3.013298332600000280e-20 -2.900456949900000038e-20 -2.776324827000000233e-20 -2.742101016099999750e-20 -2.701133938999999994e-20 -2.591565205800000123e-20 -2.508795146999999851e-20 -2.478082698299999885e-20 -2.425225590699999919e-20 -2.349963457100000051e-20 -2.317723833000000105e-20 -2.306044689999999977e-20 -2.258223149300000114e-20 -2.208510898500000025e-20 -2.190464973400000106e-20 -2.164765353400000060e-20 -2.119483304700000027e-20 -2.093700085799999999e-20 -2.082303544299999863e-20 -2.063300742499999856e-20 -2.024692127600000037e-20 -1.807880249500000108e-20 -1.631851605799999851e-20 -1.502792022700000001e-20 -1.400139793699999865e-20 -1.320889974199999973e-20 -1.244594401799999931e-20 -1.171907455999999937e-20 -1.133909905600000034e-20
-4.390205159899999883e-19 -3.169290785900000004e-19 -2.513380860600000189e-19 -1.979539447500000078e-19 -2.299775363099999992e-19 -3.136546523299999898e-19 -3.435457573300000035e-19 -3.609417600499999907e-19 -6.841635991299999752e-19 -1.592594418800000072e-18 -4.717682839399999667e-18 1.625802785200000056e-16 -4.278167093400000289e-18 -1.307810955199999963e-18 -5.081388471299999977e-19 -2.427413946399999816e-19 -2.049194908900000040e-19 -1.642913618300000116e-19 -1.067815222300000026e-19 -7.929360729999999512e-20 -7.302403895300000563e-20 -6.101271040200000238e-20 -4.851276217999999836e-20 -4.627681166199999871e-20 -4.562837199499999890e-20 -4.038504458000000029e-20 -3.653637875100000161e-20 -3.589121250299999708e-20 -3.382996560100000228e-20 -3.060676522000000170e-20 -2.954317890099999733e-20 -2.946799537199999966e-20 -2.814904119499999754e-20 -2.689455496199999979e-20 -2.676963359500000124e-20 -2.638135572900000134e-20 -2.518870413299999923e-20 -2.450346897999999937e-20 -2.436698698300000004e-20 -2.376872350600000088e-20 -2.299107131599999983e-20 -2.279550052300000032e-20 -2.266878640800000133e-20 -2.207406764400000011e-20 -2.162892930300000044e-20 -2.157412102899999933e-20 -2.131993805200000036e-20 -2.085867689200000141e-20 -2.071772463500000019e-20 -2.052334424699999892e-20 -1.827132175899999874e-20 -1.642702146700000108e-20 -1.537381647400000135e-20 -1.447850550299999904e-20 -1.353142306300000043e-20 -1.272388531399999926e-20 -1.210550592899999992e-20 -1.152162486800000007e-20 -1.109406320299999978e-20
-4.626371278300000046e-19 -2.310842103100000142e-19 -1.902247000900000015e-19 -1.738327189100000047e-19 -1.639383236599999894e-19 -1.951665602099999925e-19 -2.660725952999999918e-19 -2.982270539599999950e-19 -3.215570743100000240e-19 -6.123639352000000476e-19 -1.434086130099999979e-18 -4.278167093400000289e-18 1.481979058800000070e-16 -3.914962696700000157e-18 -1.201085338999999906e-18 -4.693755039599999913e-19 -2.254062224299999807e-19 -1.900313618100000066e-19 -1.532426229400000027e-19 -1.008008678599999956e-19 -7.488056804700000136e-20 -6.881115236299999405e-20 -5.825595870700000215e-20 -4.671209702699999904e-20 -4.414438121600000042e-20 -4.362772917100000055e-20 -3.906458444399999836e-20 -3.530593708999999926e-20 -3.452247496499999718e-20 -3.284414115400000154e-20 -2.995376690399999957e-20 -2.870146017100000090e-20 -2.854196994399999734e-20 -2.749375720600000270e-20 -2.631131418299999908e-20 -2.603391495500000127e-20 -2.575726279600000118e-20 -2.478235886899999962e-20 -2.403898581999999967e-20 -2.384207772099999952e-20 -2.338242160399999861e-20 -2.263352044100000057e-20 -2.230911389299999989e-20 -2.221128354600000054e-20 -2.176128533700000031e-20 -2.132945612999999998e-20 -2.124415454599999896e-20 -2.110222578000000070e-20 -2.058234795800000013e-20 -1.845213093800000017e-20 -1.684359690000000146e-20 -1.566658205900000103e-20 -1.465694026800000021e-20 -1.392245705399999980e-20 -1.323080720299999957e-20 -1.244342296400000047e-20 -1.177555097700000001e-20 -1.130321760399999933e-20 -1.099166300200000019e-20
-5.284705572799999651e-19 -1.959431858399999913e-19 -1.341532267300000065e-19 -1.424944779799999912e-19 -1.450815658600000101e-19 -1.347995296500000043e-19 -1.669759617599999985e-19 -2.358376647499999799e-19 -2.663714925700000137e-19 -2.883805992399999808e-19 -5.553720967700000404e-19 -1.307810955199999963e-18 -3.914962696700000157e-18 1.361995432300000073e-16 -3.610680377799999889e-18 -1.111744871100000024e-18 -4.353754669000000330e-19 -2.102204621099999978e-19 -1.784071530900000114e-19 -1.439117708200000097e-19 -9.484536258500000178e-20 -7.129994197399999825e-20 -6.576642256600000290e-20 -5.543276788899999402e-20 -4.471105657499999765e-20 -4.264446440399999776e-20 -4.201459626899999837e-20 -3.755718134199999920e-20 -3.427533128799999764e-20 -3.367268979999999721e-20 -3.184794706499999711e-20 -2.904024810299999761e-20 -2.804797558699999751e-20 -2.789618633599999716e-20 -2.675243636800000143e-20 -2.572354204600000133e-20 -2.560653680699999913e-20 -2.525072505999999879e-20 -2.426362474799999965e-20 -2.366292516800000021e-20 -2.346209862799999964e-20 -2.289167451600000143e-20 -2.220457273999999857e-20 -2.200601433400000129e-20 -2.190218758699999943e-20 -2.144358929700000066e-20 -2.113032364899999986e-20 -2.096840476899999858e-20 -1.890041661299999854e-20 -1.703007045199999973e-20 -1.593300949099999955e-20 -1.511744549400000041e-20 -1.425261311799999949e-20 -1.344736992899999965e-20 -1.285672343500000066e-20 -1.227804868600000010e-20 -1.160598103700000034e-20 -1.107149294400000013e-20 -1.085433533600000044e-20
-3.818713568699999872e-19 -1.939809015599999963e-19 -1.293220250300000053e-19 -1.040101261600000059e-19 -1.128430661200000067e-19 -1.208089383700000049e-19 -1.200040416399999963e-19 -1.487040610200000115e-19 -2.103483084400000061e-19 -2.417931177099999913e-19 -2.643568101699999958e-19 -5.081388471299999977e-19 -1.201085338999999906e-18 -3.610680377799999889e-18 1.260331117800000012e-16 -3.350349845699999909e-18 -1.034832271500000031e-18 -4.072566788300000019e-19 -1.972774970699999929e-19 -1.675505357400000028e-19 -1.360404415599999894e-19 -9.025737261300000501e-20 -6.775244264700000118e-20 -6.267722727100000436e-20 -5.331150311700000194e-20 -4.308453817600000074e-20 -4.097899336699999736e-20 -4.063989531499999825e-20 -3.657037142699999708e-20 -3.323661073999999877e-20 -3.258908394099999882e-20 -3.105105585599999749e-20 -2.839576056799999973e-20 -2.730755138800000181e-20 -2.725067714499999751e-20 -2.630970159100000118e-20 -2.524357290599999960e-20 -2.506982903199999881e-20 -2.483298965200000038e-20 -2.388315887899999992e-20 -2.318189646199999986e-20 -2.301305439600000023e-20 -2.257769156700000102e-20 -2.191471679299999918e-20 -2.169488209000000086e-20 -2.168980422500000113e-20 -2.117589727300000036e-20 -1.899986614999999867e-20 -1.750840690800000004e-20 -1.644014841200000047e-20 -1.535291986500000062e-20 -1.455318919800000059e-20 -1.392428341599999850e-20 -1.320697805299999967e-20 -1.251729863900000061e-20 -1.201310551500000028e-20 -1.152499189500000030e-20 -1.097537120400000072e-20 -1.068923122100000064e-20
-2.953839494000000034e-19 -1.707792506000000094e-19 -1.252740589700000011e-19 -9.130010183100000454e-20 -8.403495093099999984e-20 -9.875055435100000165e-20 -1.070497405700000047e-19 -1.063531310200000018e-19 -1.351884510800000048e-19 -1.929261324100000109e-19 -2.212414216099999853e-19 -2.427413946399999816e-19 -4.693755039599999913e-19 -1.111744871100000024e-18 -3.350349845699999909e-18 1.173052441099999977e-16 -3.126882706500000108e-18 -9.683535803700000527e-19 -3.820279779799999895e-19 -1.862199403900000022e-19 -1.586444105500000066e-19 -1.287214516599999908e-19 -8.580460667200000272e-20 -6.497449009400000441e-20 -6.007915255699999873e-20 -5.109525748000000058e-20 -4.168785689700000293e-20 -3.983707132300000226e-20 -3.929232905699999739e-20 -3.536581108500000071e-20 -3.239335990299999786e-20 -3.178402430000000024e-20 -3.018181969799999785e-20 -2.774778461300000187e-20 -2.685519461000000040e-20 -2.671377300700000043e-20 -2.575888460900000124e-20 -2.484405110800000111e-20 -2.466694262199999873e-20 -2.431470948799999851e-20 -2.343242533500000007e-20 -2.286901994099999921e-20 -2.269921723499999869e-20 -2.225470466000000028e-20 -2.171414569399999913e-20 -2.142912338600000139e-20 -1.959468491300000102e-20 -1.780220063800000101e-20 -1.660390147900000118e-20 -1.585792342800000100e-20 -1.507853068199999950e-20 -1.418374767700000128e-20 -1.352244209699999928e-20 -1.299974471599999971e-20 -1.237285649999999928e-20 -1.176042665799999980e-20 -1.133336674500000021e-20 -1.095051527199999933e-20 -1.064139626400000036e-20
-3.328391423700000014e-19 -1.385612728200000103e-19 -9.878969434600000042e-20 -8.961920308699999730e-20 -7.901302867099999924e-20 -7.362510937700000142e-20 -8.654244251299999982e-20 -9.725214441899999870e-20 -9.863108857899999692e-20 -1.237859080399999881e-19 -1.768415249599999886e-19 -2.049194908900000040e-19 -2.254062224299999807e-19 -4.353754669000000330e-19 -1.034832271500000031e-18 -3.126882706500000108e-18 1.097265991599999969e-16 -2.931272000400000001e-18 -9.104031552800000249e-19 -3.604700999200000154e-19 -1.760762289400000043e-19 -1.503694504300000028e-19 -1.225919902199999880e-19 -8.198527736600000096e-20 -6.217109583999999943e-20 -5.781181781699999973e-20 -4.945131721900000171e-20 -4.031597843200000057e-20 -3.849438450100000082e-20 -3.816714732499999764e-20 -3.444441603300000247e-20 -3.148091171299999945e-20 -3.099014085299999910e-20 -2.960620547799999908e-20 -2.720385874400000089e-20 -2.629573453600000094e-20 -2.625958759199999913e-20 -2.533821650599999865e-20 -2.434198135599999943e-20 -2.419575541500000045e-20 -2.396268413000000114e-20 -2.311182904699999982e-20 -2.254548836199999859e-20 -2.247358278399999855e-20 -2.197528196599999865e-20 -1.967042256600000145e-20 -1.812706479699999932e-20 -1.723272988399999865e-20 -1.618084273800000104e-20 -1.527050779699999927e-20 -1.469832657999999929e-20 -1.405160110600000059e-20 -1.326977168600000000e-20 -1.269607883900000029e-20 -1.224226530600000013e-20 -1.168019144099999966e-20 -1.114168773199999933e-20 -1.081132648100000048e-20 -1.065716578000000024e-20
-2.953201456999999839e-19 -1.244130347200000119e-19 -8.365508001000000594e-20 -7.715820736799999936e-20 -7.600837550000000082e-20 -6.774300575500000021e-20 -6.714548464700000492e-20 -8.032805826699999952e-20 -8.899594675199999589e-20 -9.050791261099999836e-20 -1.151416382000000087e-19 -1.642913618300000116e-19 -1.900313618100000066e-19 -2.102204621099999978e-19 -4.072566788300000019e-19 -9.683535803700000527e-19 -2.931272000400000001e-18 1.030822709999999960e-16 -2.759754177500000178e-18 -8.588358750899999766e-19 -3.409782536699999885e-19 -1.674222829400000115e-19 -1.431386270400000081e-19 -1.167973969499999985e-19 -7.862050907000000289e-20 -5.999280612999999764e-20 -5.565803231299999740e-20 -4.765924771699999892e-20 -3.916396037200000280e-20 -3.744313242299999785e-20 -3.700067627600000245e-20 -3.354418468600000032e-20 -3.086040961799999905e-20 -3.031190813499999913e-20 -2.893634943200000240e-20 -2.674095335000000001e-20 -2.586404804199999877e-20 -2.570901676000000035e-20 -2.485128282799999984e-20 -2.400064491800000108e-20 -2.385321317700000018e-20 -2.360295361199999934e-20 -2.287771054099999892e-20 -2.226421574799999880e-20 -2.044349078600000114e-20 -1.872219663900000141e-20 -1.735847800000000082e-20 -1.652999996500000036e-20 -1.590423631999999855e-20 -1.503539525599999992e-20 -1.426096541300000071e-20 -1.378450438700000123e-20 -1.322082893000000013e-20 -1.251870730700000035e-20 -1.200688235699999943e-20 -1.160333203000000050e-20 -1.110724920799999987e-20 -1.066578139699999990e-20 -1.055929475499999979e-20
-2.010382243799999914e-19 -1.150075072800000109e-19 -8.340150361600000156e-20 -6.476343163399999451e-20 -6.405353730399999426e-20 -6.761078791100000221e-20 -6.321089773799999678e-20 -6.151727514799999550e-20 -7.349424850700000325e-20 -8.306919211300000386e-20 -8.464583102599999607e-20 -1.067815222300000026e-19 -1.532426229400000027e-19 -1.784071530900000114e-19 -1.972774970699999929e-19 -3.820279779799999895e-19 -9.104031552800000249e-19 -2.759754177500000178e-18 9.720852826599999945e-17 -2.607222213500000066e-18 -8.133092243300000195e-19 -3.237287973399999783e-19 -1.593623425500000064e-19 -1.367090783500000016e-19 -1.119257378399999887e-19 -7.547658685899999943e-20 -5.771876547400000315e-20 -5.379655108700000044e-20 -4.619719519899999714e-20 -3.797194439100000006e-20 -3.642327972900000018e-20 -3.614466981100000301e-20 -3.276666622799999903e-20 -3.014985890300000278e-20 -2.972458768300000130e-20 -2.840142102800000223e-20 -2.618292185399999873e-20 -2.536686073500000003e-20 -2.531971917299999879e-20 -2.449128279700000103e-20 -2.364960599099999912e-20 -2.359632912900000028e-20 -2.328718363299999857e-20 -2.087167933400000020e-20 -1.906259624499999914e-20 -1.814633570799999970e-20 -1.713460309700000116e-20 -1.605321645500000141e-20 -1.539467233999999926e-20 -1.489127410900000085e-20 -1.412867125700000147e-20 -1.343904597999999954e-20 -1.302673680699999966e-20 -1.252511799800000005e-20 -1.188243312999999946e-20 -1.141756625300000021e-20 -1.106948768099999986e-20 -1.066464921799999973e-20 -1.044691823699999943e-20
-1.887104261299999953e-19 -9.798103791099999523e-20 -7.441635415500000391e-20 -6.188876676000000483e-20 -5.688113422900000152e-20 -5.878176873699999426e-20 -6.122581260200000517e-20 -5.763805633999999428e-20 -5.784411216400000529e-20 -6.882393415399999430e-20 -7.699051710299999893e-20 -7.929360729999999512e-20 -1.008008678599999956e-19 -1.439117708200000097e-19 -1.675505357400000028e-19 -1.862199403900000022e-19 -3.604700999200000154e-19 -8.588358750899999766e-19 -2.607222213500000066e-18 9.197641460300000287e-17 -2.471107392199999959e-18 -7.722103963900000005e-19 -3.082939605300000207e-19 -1.524409171000000075e-19 -1.307970268600000059e-19 -1.072181968699999998e-19 -7.271443239699999835e-20 -5.581441787099999912e-20 -5.196002117100000036e-20 -4.480251739000000294e-20 -3.708696363500000281e-20 -3.553366854200000169e-20 -3.521964866199999852e-20 -3.208619052899999729e-20 -2.957432567799999905e-20 -2.905323013000000087e-20 -2.780984086699999911e-20 -2.578292232299999897e-20 -2.499422794800000112e-20 -2.492402570100000084e-20 -2.421584779699999975e-20 -2.333963786000000081e-20 -2.159695186900000076e-20 -2.010085860799999854e-20 -1.859826613300000028e-20 -1.749055151099999853e-20 -1.683545276600000130e-20 -1.599791613999999879e-20 -1.505336216699999995e-20 -1.449150691100000057e-20 -1.406197742500000138e-20 -1.337153004200000003e-20 -1.274541663599999952e-20 -1.238251185199999937e-20 -1.192725831999999942e-20 -1.133210815199999940e-20 -1.092130258599999938e-20 -1.065545146700000026e-20 -1.046887197300000006e-20
-2.108878287199999905e-19 -8.687808813499999871e-20 -6.146347584099999805e-20 -5.866529548000000285e-20 -5.581176070400000199e-20 -5.072380860800000040e-20 -5.308169177999999734e-20 -5.715719488100000368e-20 -5.414458678700000025e-20 -5.364306523600000061e-20 -6.450106264799999801e-20 -7.302403895300000563e-20 -7.488056804700000136e-20 -9.484536258500000178e-20 -1.360404415599999894e-19 -1.586444105500000066e-19 -1.760762289400000043e-19 -3.409782536699999885e-19 -8.133092243300000195e-19 -2.471107392199999959e-18 8.728594924300000236e-17 -2.348812287300000191e-18 -7.355079353199999635e-19 -2.942434310699999818e-19 -1.458747391099999890e-19 -1.255216636700000091e-19 -1.031007397600000027e-19 -7.005746093400000268e-20 -5.401549798100000012e-20 -5.048414078599999736e-20 -4.356871424400000289e-20 -3.613520501499999781e-20 -3.474902955899999919e-20 -3.444573946699999825e-20 -3.132974702599999955e-20 -2.894568553699999974e-20 -2.854690562299999757e-20 -2.734834892399999959e-20 -2.537689006699999888e-20 -2.470567873399999871e-20 -2.457194210399999935e-20 -2.222354472499999896e-20 -2.020006309200000098e-20 -1.933223008000000011e-20 -1.851557843300000057e-20 -1.729228190799999924e-20 -1.636038152700000037e-20 -1.582446479699999879e-20 -1.508797904500000074e-20 -1.423242061999999868e-20 -1.373501253400000099e-20 -1.335710738699999950e-20 -1.272315533900000009e-20 -1.214885451499999987e-20 -1.182344521300000018e-20 -1.140548267000000073e-20 -1.086591142400000058e-20 -1.053736802200000052e-20 -1.048373868800000040e-20
-1.824347875000000068e-19 -8.639787671300000207e-20 -5.982278117399999952e-20 -5.116611193000000169e-20 -5.079148501500000171e-20 -4.927951041800000162e-20 -4.742418843799999994e-20 -4.967099717199999982e-20 -5.271010183400000119e-20 -5.084049907300000049e-20 -5.131899314899999807e-20 -6.101271040200000238e-20 -6.881115236299999405e-20 -7.129994197399999825e-20 -9.025737261300000501e-20 -1.287214516599999908e-19 -1.503694504300000028e-19 -1.674222829400000115e-19 -3.237287973399999783e-19 -7.722103963900000005e-19 -2.348812287300000191e-18 8.305583038200000066e-17 -2.238158380199999933e-18 -7.019565953799999813e-19 -2.815753955500000033e-19 -1.400621661599999920e-19 -1.205737107500000048e-19 -9.928163569000000505e-20 -6.782886151299999513e-20 -5.241010984799999859e-20 -4.899149068199999905e-20 -4.246722889999999884e-20 -3.533481571799999764e-20 -3.389722077799999793e-20 -3.363495682399999746e-20 -3.074306374400000000e-20 -2.844828985100000225e-20 -2.804267260400000013e-20 -2.697666607500000073e-20 -2.501458924499999855e-20 -2.272254334099999982e-20 -2.142957913799999915e-20 -1.996772393500000016e-20 -1.863450293500000116e-20 -1.801932350400000036e-20 -1.736593599000000086e-20 -1.628120463999999943e-20 -1.545234592099999851e-20 -1.498909548999999886e-20 -1.432258054700000145e-20 -1.353341487800000018e-20 -1.308341019900000050e-20 -1.274597370499999958e-20 -1.216004370699999941e-20 -1.162713489299999980e-20 -1.133167978699999970e-20 -1.096081812200000037e-20 -1.050595275600000053e-20 -1.039066853200000000e-20
-1.559598809699999960e-19 -8.470146926399999596e-20 -6.105945178999999853e-20 -4.705616684199999845e-20 -4.416358041700000212e-20 -4.648386249100000222e-20 -4.585936732699999947e-20 -4.356037655600000285e-20 -4.651500824099999767e-20 -5.030610140699999815e-20 -4.824050701099999954e-20 -4.851276217999999836e-20 -5.825595870700000215e-20 -6.576642256600000290e-20 -6.775244264700000118e-20 -8.580460667200000272e-20 -1.225919902199999880e-19 -1.431386270400000081e-19 -1.593623425500000064e-19 -3.082939605300000207e-19 -7.355079353199999635e-19 -2.238158380199999933e-18 7.922139220700000483e-17 -2.137719356599999820e-18 -6.715731500199999976e-19 -2.698822486099999807e-19 -1.346911302999999980e-19 -1.162453835300000113e-19 -9.582365879899999639e-20 -6.564507742800000293e-20 -5.096536763699999711e-20 -4.769200963800000061e-20 -4.132392670699999965e-20 -3.449910630699999954e-20 -3.322018020999999872e-20 -3.296780138699999724e-20 -3.016411484899999828e-20 -2.804173278399999906e-20 -2.758861551300000251e-20 -2.493511549000000114e-20 -2.189392245700000077e-20 -2.047663592899999931e-20 -1.984070778300000034e-20 -1.865009860099999893e-20 -1.749619198100000083e-20 -1.699694247299999882e-20 -1.643654233400000052e-20 -1.544245153000000025e-20 -1.468505952100000097e-20 -1.427439713900000061e-20 -1.366109481099999992e-20 -1.292399632399999982e-20 -1.251313475399999976e-20 -1.221049370200000014e-20 -1.166327540599999927e-20 -1.116480202599999985e-20 -1.091038557099999928e-20 -1.061645682500000049e-20 -1.037601865099999964e-20
-1.732415265400000065e-19 -7.904194974000000280e-20 -5.561921971100000464e-20 -4.700407529000000276e-20 -4.247976856399999864e-20 -4.054941852800000181e-20 -4.222233213499999849e-20 -4.274168215299999850e-20 -4.177980151499999865e-20 -4.410468472900000040e-20 -4.743424177500000270e-20 -4.627681166199999871e-20 -4.671209702699999904e-20 -5.543276788899999402e-20 -6.267722727100000436e-20 -6.497449009400000441e-20 -8.198527736600000096e-20 -1.167973969499999985e-19 -1.367090783500000016e-19 -1.524409171000000075e-19 -2.942434310699999818e-19 -7.019565953799999813e-19 -2.137719356599999820e-18 7.572870545899999850e-17 -2.045919458999999986e-18 -6.437332870700000244e-19 -2.593725358500000082e-19 -1.298064417299999941e-19 -1.121319409499999913e-19 -9.267378028899999420e-20 -6.370717959399999510e-20 -4.950523550599999728e-20 -4.639577293100000154e-20 -4.037580896900000264e-20 -3.380695505100000272e-20 -3.255717546600000115e-20 -3.240299881999999849e-20 -2.963979622400000195e-20 -2.598345917199999874e-20 -2.441020062000000088e-20 -2.263655648300000145e-20 -2.030676874799999896e-20 -1.915690878299999860e-20 -1.867525713399999994e-20 -1.761889728099999870e-20 -1.657388406599999974e-20 -1.614543855000000132e-20 -1.564696085700000026e-20 -1.472163025599999851e-20 -1.402006332999999880e-20 -1.364928879000000039e-20 -1.307841092200000021e-20 -1.238642433600000046e-20 -1.200996034199999940e-20 -1.173465536699999968e-20 -1.122028279199999992e-20 -1.076751769500000070e-20 -1.058491589200000072e-20 -1.049914373600000008e-20
-1.788607557900000035e-19 -7.626380667999999474e-20 -5.150679294400000104e-20 -4.509939255999999829e-20 -4.195331733600000149e-20 -3.781371261400000288e-20 -3.764296381600000247e-20 -4.031254216399999744e-20 -4.046224491599999872e-20 -3.943247957499999906e-20 -4.233649266500000168e-20 -4.562837199499999890e-20 -4.414438121600000042e-20 -4.471105657499999765e-20 -5.331150311700000194e-20 -6.007915255699999873e-20 -6.217109583999999943e-20 -7.862050907000000289e-20 -1.119257378399999887e-19 -1.307970268600000059e-19 -1.458747391099999890e-19 -2.815753955500000033e-19 -6.715731500199999976e-19 -2.045919458999999986e-18 7.253387605699999965e-17 -1.961997023599999988e-18 -6.182207675900000425e-19 -2.495745021399999778e-19 -1.253410924200000009e-19 -1.084137529499999949e-19 -8.963973436699999510e-20 -6.182076955700000337e-20 -4.826273301100000289e-20 -4.527622065999999928e-20 -3.946131855000000109e-20 -3.321807625499999846e-20 -3.195437030100000229e-20 -3.021126714099999743e-20 -2.641948917300000110e-20 -2.367109108600000023e-20 -2.275385178299999961e-20 -2.125793880500000032e-20 -1.913828953100000032e-20 -1.812055408999999994e-20 -1.772473006800000028e-20 -1.675688080299999872e-20 -1.578952919700000142e-20 -1.541101625000000149e-20 -1.495887451799999890e-20 -1.408965699300000116e-20 -1.343354065099999998e-20 -1.309438057799999980e-20 -1.256048519399999983e-20 -1.190938777999999954e-20 -1.156077053600000029e-20 -1.130821432800000054e-20 -1.083868194300000016e-20 -1.046329148299999989e-20 -1.048702142599999966e-20
-1.522712511899999984e-19 -7.584632572199999673e-20 -5.261444277799999895e-20 -4.167565677199999951e-20 -3.888203857700000273e-20 -3.800684519200000142e-20 -3.611495131100000152e-20 -3.560130094500000189e-20 -3.789091845400000070e-20 -3.886133510100000056e-20 -3.811317371699999817e-20 -4.038504458000000029e-20 -4.362772917100000055e-20 -4.264446440399999776e-20 -4.308453817600000074e-20 -5.109525748000000058e-20 -5.781181781699999973e-20 -5.999280612999999764e-20 -7.547658685899999943e-20 -1.072181968699999998e-19 -1.255216636700000091e-19 -1.400621661599999920e-19 -2.698822486099999807e-19 -6.437332870700000244e-19 -1.961997023599999988e-18 6.959995381999999927e-17 -1.884668076999999880e-18 -5.947490836900000408e-19 -2.406098191999999802e-19 -1.210906678500000000e-19 -1.048799116400000021e-19 -8.693856372900000301e-20 -6.015303503100000237e-20 -4.707455964900000088e-20 -4.428952163000000272e-20 -3.862429795800000094e-20 -3.101508461999999916e-20 -2.868047281500000129e-20 -2.777584852899999868e-20 -2.471085506900000073e-20 -2.227095036700000104e-20 -2.151635288400000114e-20 -2.016371009599999877e-20 -1.818261944999999897e-20 -1.725133740499999885e-20 -1.691212912899999928e-20 -1.601152761699999993e-20 -1.510475352499999912e-20 -1.476411395799999879e-20 -1.434966381200000012e-20 -1.352775133099999993e-20 -1.290923402199999956e-20 -1.259779882299999989e-20 -1.209802045700000000e-20 -1.148125996200000047e-20 -1.115618187599999936e-20 -1.093946559699999985e-20 -1.054665060299999966e-20 -1.038235130700000015e-20
